Value;Language Pair
[0.790395646803081, 0.4380366435088217, 0.3867196702212095, 0.46700856562703846, 0.4959756020456553, 0.6980826270580291, 0.7612749243527651, 0.8204964753985405, 0.8408208971377462, 0.8072214836999774, 0.9262445750832558, 0.9444370079040527, 0.7849531835317611];en-ru
[0.8739556220173835, 0.4981909977272153, 0.45388218961656096, 0.5093719663494266, 0.4833014848828316, 0.6765344716608525, 0.7349847158789635, 0.7971124414354562, 0.7971296182298101, 0.7564124730229378, 0.8464408419281244, 0.9010344341397285, 0.7103184373676776];en-fr
[0.8140962255746126, 0.41312980446964503, 0.3272370671853423, 0.3891952251642942, 0.4605641733575612, 0.6609737856686115, 0.6760039285570383, 0.7213319654110819, 0.7309002470970154, 0.685270037651062, 0.7573295798897743, 0.7733218961954117, 0.4722325501823798];en-hi
[0.8246004588901996, 0.34927311580628156, 0.30519946476444604, 0.4547101844847202, 0.5183871987462044, 0.7117836575396359, 0.7656701077148318, 0.784835846349597, 0.7861813196726143, 0.7397586028277874, 0.854324751496315, 0.9026536479592323, 0.6504510696977377];en-ar
[0.7760974732041359, 0.3797299212217331, 0.3716943467175588, 0.44563866323325785, 0.4662106370180845, 0.6182147652469575, 0.6979041710123419, 0.7592147780954838, 0.7754174741264432, 0.7673141995072364, 0.8985370361804962, 0.9401075258851052, 0.8187267220020295];en-ru
[0.7714775508269668, 0.4794953685067594, 0.41714382205158473, 0.4658312181383371, 0.4802673897147179, 0.6533206458203494, 0.7554429914802313, 0.8357036453485489, 0.8616280901432037, 0.8174705576896667, 0.8984177600592375, 0.9245729404687881, 0.6571650509536267];en-fr
[0.7537192267552019, 0.36699834108352664, 0.2978438090108102, 0.34539259858429433, 0.45031642346642914, 0.6341945829987526, 0.71912136382889, 0.8085981709137559, 0.8595568400621414, 0.8458768823742866, 0.9098692412674427, 0.9193672555685043, 0.5546158189419657];en-hi
[0.7911334631219507, 0.3251571064116433, 0.29264780424535275, 0.4043388240970671, 0.48811547365039587, 0.6838467777601909, 0.7842895186692477, 0.8769533401727676, 0.8949228370189667, 0.8598576406389475, 0.9000612320005894, 0.9253470104932785, 0.6528005318343639];en-ar
[0.7486796426586807, 0.4106432641670108, 0.33010966746136544, 0.4360498360358179, 0.4543893055617809, 0.6890617822110653, 0.7513930976834672, 0.8320054593682289, 0.8559667924046517, 0.8389713215827942, 0.9321811255812645, 0.9581023955345154, 0.7142655492108315];en-ru
[0.7964111200347542, 0.45507155526429416, 0.4100194762740284, 0.47320274740457535, 0.508343524010852, 0.7498719996213913, 0.8082966492325068, 0.8551687630265952, 0.8745802330970764, 0.8462319544702769, 0.9285960340499878, 0.933995993733406, 0.7475636707246304];en-fr
[0.7537341342493892, 0.38106846999377014, 0.3364613915234804, 0.37656105428934095, 0.4190562856569886, 0.671816930025816, 0.7278051220811903, 0.7938743209093809, 0.8295555862784386, 0.7944322860240937, 0.8545367589220405, 0.9004421401023864, 0.6041351112816483];en-hi
[0.7769937852025032, 0.35626706670969727, 0.2986052566021681, 0.41769403524696824, 0.47404805579106324, 0.7130476686172187, 0.778237022086978, 0.8356799679994583, 0.8534594685491175, 0.818750387057662, 0.9201922869682312, 0.9351660823822021, 0.6584414365887642];en-ar
[0.7943860322237015, 0.42659265283029524, 0.37972350182913944, 0.5049525504931808, 0.5355555141717195, 0.7118240676820278, 0.795458505898714, 0.8683672034740448, 0.8692712080478668, 0.809876644089818, 0.8444437719136476, 0.8751753652468324, 0.6935257717221975];en-ru
[0.8440263105928898, 0.5315875395573676, 0.4642220354778692, 0.5140534266084432, 0.5160530978813768, 0.6917409601807595, 0.7685374595969915, 0.8355248448625207, 0.8373783842474222, 0.7832649452111218, 0.8720153252780437, 0.8939847251772881, 0.6975389044545591];en-fr
[0.8031033632531762, 0.3750793647021055, 0.30974521361291407, 0.387125398684293, 0.45113002333091573, 0.6196452474221588, 0.6878801611065865, 0.7206739286449738, 0.7110947257373482, 0.7086090412735939, 0.7254070782661438, 0.7472299084812403, 0.5089160096086561];en-hi
[0.775011437907815, 0.3756505698338151, 0.3384041760805121, 0.5158522456511855, 0.565387315871194, 0.6606106119602919, 0.7335701937973499, 0.8087550538033247, 0.8269752927124501, 0.7786853411793708, 0.8487062296271324, 0.8640488800406456, 0.6436428137123584];en-ar
[0.7307121492922306, 0.32255864820908753, 0.29021999148651956, 0.33674756738008, 0.39488310082815586, 0.6759887559898198, 0.7497059673443437, 0.8171457159519195, 0.814297558516264, 0.7633207409083843, 0.8744174193590879, 0.9295783311128616, 0.6577372811886016];en-ru
[0.7689888602495194, 0.36738245964515953, 0.3829382988996804, 0.4123264919221401, 0.44310175605118274, 0.6881140398979188, 0.7634723082184791, 0.7939726134762168, 0.7835152850486338, 0.7535894821956753, 0.8591182014346123, 0.9427478885650635, 0.6220686990767718];en-fr
[0.7502851159870625, 0.3695291280373931, 0.3045272639393806, 0.3450936551298946, 0.42717516351491214, 0.6607651411741972, 0.728760345056653, 0.8068708118796348, 0.8162378616631031, 0.818695105612278, 0.9283425831794738, 0.926201251745224, 0.4919878653110936];en-hi
[0.7067042279615998, 0.2600826772069558, 0.26518769431859257, 0.391518070474267, 0.4463794159889221, 0.6625932066887618, 0.7309281657636165, 0.7892003717646002, 0.8126163804531097, 0.7342486281692981, 0.8411411774158478, 0.8807575714588165, 0.5753245447948575];en-ar
[0.8230953815579415, 0.4072050980851054, 0.36227188661694526, 0.4798536357283592, 0.4753742817789316, 0.6488708191923798, 0.7442097633332014, 0.8395623987913132, 0.8732975310087204, 0.8562881088256836, 0.9399094271659851, 0.921812843978405, 0.6789173709601164];en-ru
[0.8447687873244285, 0.5081059430539608, 0.4448107239790261, 0.5059040662273765, 0.4606652977131307, 0.6274923193082214, 0.7043018539249897, 0.8023922684788704, 0.8298187521100044, 0.7924547092616558, 0.8882088857889175, 0.9066993856430053, 0.6373557731509208];en-fr
[0.8096875540167093, 0.3857106050848961, 0.36276243573054673, 0.4499364259094, 0.4605145080387592, 0.6634896477684379, 0.7270240914076567, 0.8051681072637439, 0.829148978702724, 0.7675802591443062, 0.8762239128351211, 0.8856643056869506, 0.5763680329266936];en-hi
[0.8207858416438103, 0.3518321311706677, 0.28818176918663085, 0.4182107498496771, 0.525435593239963, 0.7384070724248886, 0.7984664303809405, 0.8512847343087196, 0.8551101440191269, 0.8188799316249787, 0.8919897112250328, 0.9131506362557411, 0.7247150911390782];en-ar
[0.7704591998457908, 0.34874658796936275, 0.34830140084028244, 0.41838446105597543, 0.42678322611376646, 0.6465824194252491, 0.725664960294962, 0.7948125079274178, 0.8040382938692346, 0.7306554082036019, 0.8492384202778339, 0.8972316238284112, 0.682399961091578];en-ru
[0.8061939926445484, 0.4736008920520544, 0.45373119086027147, 0.533203889472643, 0.5232538707740605, 0.6945958325266838, 0.7452170594665222, 0.7968106383830309, 0.8010571318864822, 0.7586661841347814, 0.8671298786997795, 0.9281694126129151, 0.7253772437758744];en-fr
[0.7363186296820641, 0.3840742947952822, 0.3428472730331123, 0.38157169898971915, 0.4435953076928854, 0.5901545414142311, 0.6532887408067473, 0.7508387530595064, 0.7726689349114895, 0.7240707793831825, 0.8131778970360756, 0.8294530138373375, 0.5280150279402733];en-hi
[0.7562214702367782, 0.32106734983623025, 0.30248429987579584, 0.42581947116181257, 0.4605104089155793, 0.685721920914948, 0.7454673989117145, 0.7929010590165854, 0.8189243839681148, 0.7770280416309834, 0.851609341353178, 0.8950525689125061, 0.6366168140619993];en-ar
[0.8205901058018208, 0.42387783477082847, 0.37090283542871477, 0.44801060505211354, 0.494620743393898, 0.6853348092082888, 0.7648975200951099, 0.8310537394881249, 0.8428925652801991, 0.7972352267801761, 0.8824932439438998, 0.8897348859906197, 0.7480807358026504];en-ru
[0.8442798094451427, 0.4393400721997023, 0.4041458847792819, 0.4879372325539589, 0.46997427819296717, 0.73325225263834, 0.7983125448971987, 0.833006362915039, 0.8345738719403744, 0.8203074893727899, 0.9086745217442512, 0.9411740019917488, 0.7645702020823956];en-fr
[0.795738980025053, 0.3460702474601567, 0.30969565162435175, 0.35164599867537616, 0.4014607463032007, 0.6102988328039646, 0.7127179664187133, 0.8144991481304169, 0.8328989320993423, 0.7651260065473616, 0.8164968131482602, 0.8593599513173104, 0.5792902835085988];en-hi
[0.7937615403532982, 0.3853020244464278, 0.3371322195418179, 0.46094354077242317, 0.4843409377709031, 0.628970837239176, 0.6860169099271297, 0.7440502315014601, 0.7717506013810634, 0.7755689367651939, 0.867131822258234, 0.8986506420373916, 0.6644095692038536];en-ar
[0.8563151240348816, 0.37749057676643133, 0.36601981084793805, 0.4328563153743744, 0.4416898573935032, 0.635482562109828, 0.7513266164064407, 0.8145233078300953, 0.8357611593604087, 0.7947983723878861, 0.8914689344167709, 0.8745181843824684, 0.7136311291158199];en-ru
[0.8700733056664467, 0.5040090261772275, 0.449250159598887, 0.49394649582449346, 0.5147396378032864, 0.6793654219806194, 0.7358582631871105, 0.7857111694663763, 0.8125704070925712, 0.7708418947458268, 0.8990219837427139, 0.8957798129320145, 0.7433174742385745];en-fr
[0.8469582098722458, 0.36537853349000216, 0.3146780789512559, 0.3857701082341373, 0.4984390813112259, 0.5990707788057625, 0.6794351536035538, 0.7629195240139961, 0.8090193052962422, 0.779176609814167, 0.8628652998805046, 0.8232400192320347, 0.5539007793157361];en-hi
[0.8241205203905702, 0.29984935335349294, 0.3012536357715726, 0.4369815854728222, 0.5070376731455326, 0.6754384814202785, 0.7572043588757515, 0.8236188346147537, 0.8454860234260559, 0.8061440581083298, 0.8913682818878442, 0.8891868617385625, 0.6871199112385511];en-ar
[0.8684328362345696, 0.4330143253831193, 0.4003433519229293, 0.5043742898106575, 0.5081531982496381, 0.6883610658347606, 0.7410977325588465, 0.7966363219171763, 0.8062777480483055, 0.7745212664455176, 0.8505662968754768, 0.8794058357179165, 0.6654793291725218];en-ru
[0.894482077807188, 0.4642536000534892, 0.44263995487242935, 0.5183303769677877, 0.4883142992854118, 0.7036462016403675, 0.751070035174489, 0.8045519827213138, 0.816045807339251, 0.7833237696811557, 0.8734609024971723, 0.8985514569282532, 0.749581098780036];en-fr
[0.856073890030384, 0.37828972436487673, 0.2871052548661828, 0.3367696143873036, 0.40404137596488, 0.5367329611442984, 0.5720401875674724, 0.6699285090342164, 0.7228544679284096, 0.7348927355557681, 0.8400452902913094, 0.8339136511087417, 0.47819260019459764];en-hi
[0.8377585381269455, 0.33814428985118866, 0.29150099026039245, 0.4520165887475014, 0.5095557618560269, 0.7117023633420467, 0.7663536917930469, 0.805305181350559, 0.793804336041212, 0.7686007754132151, 0.8629395681619644, 0.8751333343982697, 0.6607415304332972];en-ar
