Value;Language Pair
[0.009333405638856446, 0.013692183266527361, 0.0037354285525856867, 0.011386460960056502, 0.022386406254508353, 0.02761550711911657, 0.03395792257622124, 0.0363597478244281, 0.039141494210541326, 0.05026272977313359, 0.049250564763542386, 0.0429333340014489, 0.04020259778757826];en-ru
[0.01390070799820706, 0.008201444661944762, 0.009889587317886219, 0.018806072704988384, 0.025577277279871097, 0.015575415934881962, 0.02082938075887947, 0.02296155795954229, 0.023593789467253486, 0.03030440588192425, 0.03310845695046124, 0.030921495638182743, 0.04777671444635211];en-fr
[0.013628773376479436, 0.010138992576943773, 0.007155882419434067, 0.013266738823941632, 0.022685342450111765, 0.010538020574071275, 0.006064764365232437, 0.007551090099548957, 0.007883678343203193, 0.008227118229364226, 0.009984103381294743, 0.008462326104554559, 0.06418512502376342];en-hi
[0.008199808413648082, 0.015141013012692823, 0.003590524504752691, 0.00532473472290462, 0.009021394114060478, 0.012142259051625887, 0.009484169402293534, 0.01057180006764902, 0.011450744676727534, 0.012105961894869847, 0.011941591994550603, 0.011182881020237373, 0.025048996183345863];en-ar
[0.00964690053327446, 0.013578888816116337, 0.004025843549145125, 0.0120045513637447, 0.023350224661919296, 0.027362328585975842, 0.03436250279643952, 0.03659984295743693, 0.03980878812927875, 0.050649350159418474, 0.05012722973881366, 0.04586948879314234, 0.04111774893158541];en-ru
[0.01426353562622164, 0.00777852264767301, 0.010049443567024408, 0.019016149881812543, 0.025033240822446796, 0.01269901589692837, 0.018415123033133307, 0.020761825413509072, 0.021699714241703513, 0.02694578270339133, 0.032430933110982274, 0.032448578655689016, 0.050450690160837114];en-fr
[0.013444727880355167, 0.011015730871943094, 0.006649508956196556, 0.012873670689650804, 0.02204874325223777, 0.010032890548656057, 0.005272711567090077, 0.006290386069725648, 0.006137859020253395, 0.007462184184744432, 0.009051519530751517, 0.007911397252379085, 0.07214945763607492];en-hi
[0.00820551080311771, 0.014574545255564035, 0.003835310271675391, 0.005260807421045207, 0.00900746381973509, 0.009212835293432966, 0.0059255833091829534, 0.0063780875948476305, 0.006241149905084917, 0.006087146203769364, 0.0059165270459070485, 0.004895619178259681, 0.02979115926527427];en-ar
[0.008593389989337029, 0.01266035414601159, 0.0038792607873030104, 0.010475622264255153, 0.022669404207198, 0.03219605674055056, 0.03894955687428831, 0.04168657950689327, 0.04418904263199575, 0.0549931029634045, 0.05309821445103794, 0.04776633947940093, 0.0445120455621383];en-ru
[0.013655472074943624, 0.0069432605110790685, 0.00997216268277393, 0.018296149592444483, 0.025364892266038844, 0.01630568100219302, 0.02199633115095661, 0.024508543495658966, 0.02490035307913971, 0.031409679627357856, 0.03462622586465753, 0.03333798981743565, 0.055485205341863575];en-fr
[0.012769710825980551, 0.010678307412088727, 0.0068591666699653235, 0.01185148264444965, 0.02171881454596083, 0.007650889135877764, 0.004076567127052324, 0.004827867640165627, 0.005450568135123692, 0.0076039929064231696, 0.009110577944319182, 0.0076371009924961165, 0.06950117472266333];en-hi
[0.008130192883986961, 0.013862135031687737, 0.003635647027133666, 0.00515855638000124, 0.008478654632918706, 0.00792011619752703, 0.00469692657201726, 0.004742586351418829, 0.004319968288731009, 0.004701939202184975, 0.004212261674939303, 0.003744207835531227, 0.03697168032105938];en-ar
[0.007859375148101845, 0.012851371622029432, 0.0036680479900598967, 0.0094946147578309, 0.02262745854839664, 0.035775903786483286, 0.04306293891902732, 0.046210989344786374, 0.04941351125665014, 0.061354229792646, 0.05924914888438057, 0.05341049538872194, 0.0458394619158945];en-ru
[0.013256283917879726, 0.006979046623836616, 0.009587159958949454, 0.017871617048679914, 0.024740851141513504, 0.016469894631376613, 0.022099734824295614, 0.024370722582353045, 0.02446509554422211, 0.030399158855301256, 0.03265306564213572, 0.03122254811603823, 0.04895569164327492];en-fr
[0.01220101111138308, 0.01094124820354988, 0.005921639511736226, 0.010960525641762989, 0.0208553457059397, 0.007567631572621719, 0.003948840294664476, 0.005063053709656718, 0.005618190567666802, 0.0073630857323582185, 0.008457856689660308, 0.0074173240277194165, 0.05897257636041462];en-hi
[0.007841104178455204, 0.014378227998887584, 0.0039059539632335044, 0.004849136505700031, 0.007749986995124937, 0.008066729058533392, 0.004587141540794831, 0.004836863706810577, 0.004986782676879633, 0.005448784788283498, 0.0054384669003568606, 0.004048474468961078, 0.026107373255454112];en-ar
[0.00882124336444281, 0.012489602982311613, 0.0038030186592863022, 0.010350224958473885, 0.02068439412049754, 0.0262729649347191, 0.032552639142598094, 0.03455739905725392, 0.037511220475823094, 0.047585400662269094, 0.0462558541163221, 0.041379960022603024, 0.0410628846398923];en-ru
[0.01369141757323043, 0.006350534449607158, 0.010238240092365956, 0.01782692469375158, 0.023323456727207332, 0.012710026928479218, 0.018282925481075105, 0.020700271913895677, 0.02119950459718037, 0.02637983493253329, 0.030154796599394615, 0.029326592057785802, 0.04777814747262557];en-fr
[0.012827086612804644, 0.010783370112975279, 0.006550891315849092, 0.011672831618508562, 0.020534961889478405, 0.01083302934706228, 0.006362557881780607, 0.00789279665105196, 0.008238911794816877, 0.008563318521584465, 0.010763120880112003, 0.009270267781256301, 0.06578605014088325];en-hi
[0.00825559499887249, 0.014184972069536998, 0.00384462505861787, 0.005154705389324411, 0.008590463621605263, 0.010299256233817075, 0.006725960576834458, 0.006694548875833703, 0.006499718758814589, 0.006689699099334668, 0.006338942970500424, 0.0050741273839005376, 0.03268430598924131];en-ar
[0.009212872189703023, 0.01259757866534942, 0.004026276803115133, 0.011273352057416409, 0.022494663003298054, 0.02878547363884851, 0.035861876610638097, 0.03892021798374906, 0.04327101323282257, 0.055651685347669066, 0.05347326238277144, 0.04594107890938757, 0.040530530096913445];en-ru
[0.014008205854404248, 0.007325505509311725, 0.01025839118179736, 0.01840066236681981, 0.02524530613567801, 0.014112717816394015, 0.020203449621786, 0.02327513638799997, 0.024855807176910993, 0.031353913565793444, 0.03549311079332404, 0.03350207510775871, 0.04939397859103954];en-fr
[0.013048014200801015, 0.00954521368418862, 0.007132842792549711, 0.012312211817176767, 0.022046046966613404, 0.009395655862426888, 0.004603314569218815, 0.005569426128281558, 0.005896195685586916, 0.007600487779421612, 0.009178255892794362, 0.008156534936004585, 0.06563612120242078];en-hi
[0.00828466975970546, 0.013761160114505977, 0.003624856383566302, 0.005240167325189878, 0.008695395475281378, 0.009356345223695694, 0.00590673035171614, 0.006002627957340353, 0.005812192639560935, 0.005929528081558058, 0.006362733790453752, 0.00490655834355992, 0.02783946214098052];en-ar
[0.008967593392925922, 0.013068335169268027, 0.0037580157296519382, 0.01078878442757946, 0.021521182180970762, 0.025681134083188336, 0.03166104677318568, 0.033602387809648346, 0.036633155143455096, 0.04678692685223898, 0.04594582811666524, 0.04261666164516868, 0.03889080919510506];en-ru
[0.013778432485087063, 0.007837216222595512, 0.009768382769739943, 0.017968840248383536, 0.023966525443723533, 0.01259541231396172, 0.0174959719977605, 0.019421420920176766, 0.020059270529760264, 0.025887146606488314, 0.0284578904977343, 0.027122401357720753, 0.043298834737725486];en-fr
[0.013125597815768655, 0.010533781347515161, 0.006494253443989967, 0.0122189373280047, 0.0223483518322514, 0.00921491653110316, 0.005450235732311868, 0.006996605295038708, 0.007288038248944974, 0.007871199438504325, 0.009695856049311176, 0.008458016936050815, 0.06380508394420607];en-hi
[0.008314399297033634, 0.014408442377399763, 0.004061912940691889, 0.005364748983270457, 0.008452634229138655, 0.010321791483336186, 0.007077249784357537, 0.0074314252069539325, 0.007256530220489469, 0.007963506397698177, 0.00699515295210839, 0.005625603793309418, 0.029431748063242197];en-ar
[0.008478044556293338, 0.012798098527852677, 0.003759134205813908, 0.010603329273204934, 0.0220560364949736, 0.029712021612675325, 0.035709045490603886, 0.03743954504995984, 0.04008444187907054, 0.051441183132379005, 0.04795715788140728, 0.041305167726476855, 0.03767249340988465];en-ru
[0.012997815023812039, 0.008099412550078051, 0.008994388515366308, 0.017641110185813186, 0.024314602241548217, 0.015868436112373523, 0.02057512704261817, 0.02231476276027083, 0.02246202104787955, 0.028733985920520243, 0.030423652615002995, 0.027850545510402273, 0.047578070540124];en-fr
[0.012771875876119162, 0.01098253074005359, 0.006285044591533895, 0.011746423201498627, 0.02236004218302604, 0.00883082762574372, 0.005186646745160525, 0.007153505748104061, 0.007685434719157634, 0.008600264505951397, 0.00982893269971549, 0.009006576547725943, 0.06147420055967591];en-hi
[0.00839139404311559, 0.014014898598578586, 0.003777083200947815, 0.00528708999119966, 0.009372675143008352, 0.008714586693602932, 0.005724922829391609, 0.006430172514880699, 0.0068315238491029814, 0.00662058646619321, 0.007387027065037493, 0.006346595492860456, 0.03049002863061837];en-ar
[0.009508037921407492, 0.013713476066768007, 0.004100010082114107, 0.011285456075320775, 0.021795641762165117, 0.026365495143033997, 0.03322480892456031, 0.03554343614213111, 0.038730012172722254, 0.04943277600662155, 0.04783241134611377, 0.043390478570167174, 0.0367773702457112];en-ru
[0.013604894179730617, 0.007309905523667712, 0.009622582906957187, 0.017854376880923156, 0.02397068604334347, 0.014708922831407685, 0.020836192010486476, 0.02374622328926997, 0.024633194528323504, 0.03115289337933997, 0.03460255532058122, 0.03458557636591014, 0.05046802097761107];en-fr
[0.013573920935509427, 0.011016810239205041, 0.007352515887383984, 0.012963658124839536, 0.023312561117460686, 0.007758100986198195, 0.004326298180097475, 0.004852296752288006, 0.00575283786595705, 0.008344870218915515, 0.009501507363984989, 0.007884666824662248, 0.06568410817772262];en-hi
[0.008417463678191288, 0.014866752677059093, 0.003682115611327742, 0.0053457621070421395, 0.009298178590497929, 0.008566199394774371, 0.004915208805328486, 0.0046573417779733894, 0.004495919537077623, 0.004551105163036879, 0.00514397147396208, 0.0035826209998287622, 0.035503766958895816];en-ar
[0.009241700762671988, 0.013729320309555417, 0.0039029213291056695, 0.011059471826741182, 0.021488957431202393, 0.02926883670050582, 0.0372306255133123, 0.04125894396442177, 0.04578853946244643, 0.05647614877231844, 0.06018428770802792, 0.05641304164184088, 0.05064436753240912];en-ru
[0.013847265720645891, 0.007838938205500134, 0.009716081418370819, 0.0181581807175644, 0.02352850812801884, 0.012791873100174362, 0.01818406596887247, 0.020438643020762617, 0.021607564832872225, 0.02715167491849934, 0.0318309261872328, 0.030023132083971657, 0.04697127702294884];en-fr
[0.013047193709914716, 0.010373343037454711, 0.006447439184609993, 0.011988832260740968, 0.020991882713164954, 0.00898143914946189, 0.004662926799907083, 0.005734440084898507, 0.0058140781417706094, 0.006909165783641783, 0.008444725398234995, 0.00764490599856595, 0.06419642161212923];en-hi
[0.008306643277476733, 0.015193633142516724, 0.003847090684494925, 0.005010701189400459, 0.0079336607494301, 0.010088736577589831, 0.006791214014105404, 0.006986321079834339, 0.007013251009956606, 0.007889102547781234, 0.005951317719479776, 0.004974097176983669, 0.03167563301841805];en-ar
