Value;Language Pair
[0.0026438372143214386, 0.020829335370459983, 0.00901704848227894, 0.004441161230336852, 0.005197992113123012, 0.023758717288642033, 0.031383583983588384, 0.04095431413290489, 0.05338091948412807, 0.06260709246445913, 0.07078381843937712, 0.08431221672927981, 0.0799856521005616];en-ru
[0.004378417084881225, 0.010228708471380153, 0.0053933632198324725, 0.006700020427136537, 0.007391589330860992, 0.025519382316743826, 0.02955670757763667, 0.03311375858453767, 0.03853488570776469, 0.04320410887725301, 0.043394384788116504, 0.050965353048789866, 0.03328459765672318];en-fr
[0.003599064735632668, 0.021729680924521128, 0.006282961665552879, 0.009603152990539468, 0.011213517000166321, 0.05574542358378606, 0.06732227686342716, 0.08200658926080578, 0.09524443475853295, 0.11086468042975571, 0.10935985184953688, 0.11789787233385082, 0.13109758247085357];en-hi
[0.0022850066710574015, 0.02535829955420925, 0.008314205961356142, 0.00777633297036724, 0.012373619909279474, 0.04718783831497414, 0.056278765919378276, 0.06674525921294842, 0.0780221201788177, 0.09160306901821366, 0.09730309885582143, 0.10437783010997609, 0.0942025966917082];en-ar
[0.0022523864609441603, 0.019677080394055052, 0.008242675368347233, 0.004460015087261133, 0.0038499772221621134, 0.016957704765571138, 0.020366505503964988, 0.02583274561678997, 0.03236502732916676, 0.03635797736276203, 0.04435173182238953, 0.0561321445580935, 0.052058909713377684];en-ru
[0.004198607287908092, 0.015019619345257529, 0.005884440533216009, 0.006786021342080246, 0.008847661448077472, 0.026784514726266057, 0.030887921523547746, 0.035781830945549424, 0.04384538258841833, 0.04494054162125404, 0.058220358990511194, 0.06786038811177911, 0.04845848850035195];en-fr
[0.002871933647644861, 0.021386750311527675, 0.006740344837518624, 0.00854300187997677, 0.010971456374342468, 0.051462655720719126, 0.06419949713853088, 0.07995280866929545, 0.09472935005642906, 0.10604874093524515, 0.12048859583019943, 0.1354769929844289, 0.1503722212416809];en-hi
[0.0018830490645632397, 0.02360889154563969, 0.007375411959427517, 0.008700865137273804, 0.015915173498445578, 0.0473362022936647, 0.05538159240858182, 0.06384050442908744, 0.0716452576360343, 0.08253054927154163, 0.09087416821091568, 0.09567074939264257, 0.08850725313520046];en-ar
[0.0021360850252434265, 0.021350830199250288, 0.008801541107375398, 0.005312400365598191, 0.004633904840326693, 0.014283205896672188, 0.019269589505493016, 0.02513226498644744, 0.030965262180592045, 0.037767917153541955, 0.034982514946120036, 0.040957004687855784, 0.03415140451050932];en-ru
[0.004256763429948478, 0.01059092545484115, 0.005375664123946908, 0.009079807009065901, 0.010453360238013075, 0.0044874090139065785, 0.0033946577431076706, 0.003681521645545933, 0.005131273099092804, 0.005989260232939458, 0.00561531133920651, 0.007048354572616357, 0.04921604422139345];en-fr
[0.0034478047499578723, 0.02366120732226895, 0.007585896557561686, 0.006762892890352925, 0.008617550647201534, 0.05068515764154975, 0.06224238310504038, 0.07810407880186798, 0.09050623786772752, 0.10398027457687323, 0.10467584807580986, 0.11866356546988138, 0.12957403913877594];en-hi
[0.0018991504208679584, 0.022745647295572186, 0.005298043199057166, 0.006382841367064139, 0.01376548058597113, 0.04343437103809256, 0.05135563092822858, 0.06068932034825909, 0.0683210444521685, 0.08311906300812547, 0.08140260104584769, 0.08237422760170993, 0.06594701645175517];en-ar
[0.0018725369728053974, 0.022587741736958072, 0.00922319367802648, 0.004783583214045093, 0.005972329431254671, 0.026901199222293795, 0.03384148017582137, 0.04312909300152869, 0.053077705861711996, 0.06012594535519987, 0.07076058061473312, 0.09118155977659555, 0.10618989468103447];en-ru
[0.0044431862323835985, 0.011729451340361274, 0.005904589514218514, 0.008307273458755532, 0.010083595512927153, 0.024377930427288575, 0.027060145637551443, 0.030785019467645273, 0.035165894457046876, 0.03794135470758189, 0.04026617442359571, 0.05385882190057558, 0.04357389913777237];en-fr
[0.0030854144516342767, 0.026499145281510816, 0.007781350261863815, 0.009795751543915678, 0.013715243048900445, 0.05840495680098014, 0.06831686677807758, 0.08177772823036027, 0.09073179259256009, 0.10491809645262641, 0.1058525979555272, 0.1182825375886021, 0.14359125345535464];en-hi
[0.001864835841721897, 0.028129958969414774, 0.008076758775636864, 0.008638686149879499, 0.014978314262443743, 0.051249836976016164, 0.05866574442466427, 0.067278112330714, 0.0745081701699139, 0.08653997670602002, 0.08882914542686171, 0.09892679439607718, 0.09901254443155863];en-ar
[0.0017663046936892651, 0.017751947485739952, 0.008832944486662577, 0.004237042631163314, 0.004680977847929213, 0.019187558961120815, 0.026155691950419425, 0.03350460850161946, 0.0396513806760048, 0.04536623089957477, 0.05709607589975313, 0.06685635507717919, 0.05713353381283652];en-ru
[0.0032637488785500594, 0.00969167754121979, 0.004994190786424799, 0.00656986991265815, 0.0072191561938962125, 0.016335354769566313, 0.020194106737908665, 0.024709365284979967, 0.027871927840363665, 0.02997852937670053, 0.03733871132586497, 0.051671681640922035, 0.029694182355645783];en-fr
[0.003062678013714811, 0.023051728334006247, 0.007837109934517535, 0.008303461745117608, 0.013518308437402687, 0.05188919524434375, 0.06543799365680275, 0.08284810455907664, 0.0940912936327489, 0.10824449407302997, 0.11760493469026789, 0.1351265793274798, 0.14452027356703226];en-hi
[0.0020477636651048724, 0.02557734230943122, 0.006973683399252946, 0.00717706187440249, 0.014786225410765233, 0.05643356119924511, 0.06839982076588075, 0.08181133576973171, 0.09165795536006036, 0.10604230280063348, 0.11443684576894148, 0.12655599028849482, 0.1208374708405367];en-ar
[0.001911958069443546, 0.022316221519577066, 0.008190086836457437, 0.004442812376200903, 0.006828641731978391, 0.009349224428835899, 0.010775223426292864, 0.014440417830568047, 0.021390199977055768, 0.02568199337164211, 0.032758906860884104, 0.04938545781010643, 0.05661765526383512];en-ru
[0.0034968292183718158, 0.012614795597764905, 0.005292156243139058, 0.006674533222694664, 0.007430465956992219, 0.02030930629100117, 0.02265777701242784, 0.02516985040410282, 0.027350047041400177, 0.027813361465014078, 0.03238772490740889, 0.04974447446521166, 0.03337962314733858];en-fr
[0.002938349250277196, 0.027501992651935637, 0.0075056985442559735, 0.009511613726323658, 0.00870995850233161, 0.03421154405151511, 0.04286512001550978, 0.05484346530614853, 0.06426505455121514, 0.06916371881736275, 0.08419330373091088, 0.10499957991157628, 0.13069203101227095];en-hi
[0.0018621319200125695, 0.031565294396835565, 0.007775094511787121, 0.008564806423458644, 0.013812852123179925, 0.04704165672166558, 0.055000373457320714, 0.06571443108032932, 0.0729738449591725, 0.08094239479229143, 0.09103981455458142, 0.11743472245832239, 0.12214910750447092];en-ar
[0.0021369843591431486, 0.022015660260367435, 0.010822902620305587, 0.004356824765424471, 0.0048824952713160796, 0.018558153836763285, 0.02367025783650514, 0.030231815712189403, 0.0379011431541586, 0.041008292160113355, 0.050413404771437326, 0.06985858386976698, 0.0642063129895543];en-ru
[0.005039519309114753, 0.011473085323741552, 0.00561445990082745, 0.00741149788307971, 0.008324705287171467, 0.015689987344920206, 0.01532582725025973, 0.015596458591280928, 0.015963852774366665, 0.017025830535591556, 0.01443209973658666, 0.030856453616022076, 0.024356057232168472];en-fr
[0.002970141458693739, 0.019824682681476895, 0.0062096185386440106, 0.008389455185072935, 0.008674056609755346, 0.034629824264292244, 0.04189609821603283, 0.052093842892124265, 0.05858996636064468, 0.06573494669292512, 0.07329487854013392, 0.09216732803264126, 0.10934292335463439];en-hi
[0.0022522084351658147, 0.022415483347528305, 0.00837767026305319, 0.007058629244262797, 0.014571860693164712, 0.04782750558593344, 0.05537005869430401, 0.06355967910123599, 0.06915849636766058, 0.08200581930468609, 0.08074845640905565, 0.0935511330618957, 0.08466081219625898];en-ar
[0.0025022243141332497, 0.02390410817502317, 0.01037049696942536, 0.004547162574602533, 0.004378612951004494, 0.022530104086664268, 0.02923452589540834, 0.03940838580683102, 0.049628762099722126, 0.0582925095819761, 0.06860954449793417, 0.08343567504663982, 0.07723941814515743];en-ru
[0.004296061972005794, 0.01002195096572298, 0.005753414941946921, 0.007346290000374807, 0.006801966388290228, 0.01844465170247773, 0.021162863877895444, 0.026557262098067427, 0.034444556021213976, 0.03763131973331239, 0.04543413972365713, 0.0554314788780908, 0.03512157081580221];en-fr
[0.0035918738787343793, 0.02444998987814566, 0.007099571124952806, 0.008811433022932155, 0.01209758837547269, 0.0483846374746184, 0.05686683603437524, 0.06937666770381237, 0.07775116189597599, 0.09270264048667748, 0.08741454339139974, 0.09333717260381247, 0.1020260032981846];en-hi
[0.002235567777873559, 0.02577434866778882, 0.00635037594406943, 0.007211417198705036, 0.014945833879598209, 0.04759289035642657, 0.055731420954240746, 0.06540128221610449, 0.07216522371402484, 0.08428445420880357, 0.08905250565114976, 0.09592899756809309, 0.07574219922712154];en-ar
[0.0021296595351789956, 0.021734134807581233, 0.009662613153349181, 0.0047696169914707, 0.004674629278585274, 0.01563557761701348, 0.022193638190826037, 0.032712305181181935, 0.045423235830106407, 0.04714585630497223, 0.07092723845237442, 0.0876594529399877, 0.10082730484927471];en-ru
[0.003406230871696613, 0.010378982434849603, 0.004962200004310755, 0.00727545756960052, 0.009228288135491376, 0.010265659916091864, 0.013608404403566945, 0.01891472178877556, 0.027405085718043575, 0.02317004782897132, 0.0471711325706568, 0.06916817527487504, 0.05467052848866555];en-fr
[0.002865982444515495, 0.021073284016868754, 0.007341592133288941, 0.009525570033932437, 0.009957820252432878, 0.04192074440436252, 0.051490194508029996, 0.06635494862799557, 0.07949904290948362, 0.08822771879514538, 0.09960395989575797, 0.11140649228254913, 0.1316380587524812];en-hi
[0.0018419583998426498, 0.025663424400190697, 0.007327897954217325, 0.008018103766589794, 0.012011599616538051, 0.0357257752186035, 0.042406900993980076, 0.05176065779943498, 0.060022366689615185, 0.06728919497431582, 0.07737148756471787, 0.08878597408520919, 0.07939899644455477];en-ar
[0.0018265278014587278, 0.018706082735710273, 0.009373901233454565, 0.0039000264788834876, 0.004970698409561042, 0.01248534425944243, 0.019311704584567064, 0.028613646984316152, 0.03729974939815299, 0.03599034336177269, 0.0571964960474484, 0.08312366003437453, 0.08071752606039806];en-ru
[0.003764973380117835, 0.006354773271935609, 0.005371590963571855, 0.006821931200881102, 0.007627132589404966, 0.014253492204998122, 0.018705382109959205, 0.024226110456220296, 0.031110315576382417, 0.03400564134981929, 0.04015419708424244, 0.05199507308379317, 0.03095074021044031];en-fr
[0.0025824205879083264, 0.02383877146751425, 0.00788613466761717, 0.008932610375865518, 0.0091233994432817, 0.04180112872647145, 0.05469639422185233, 0.07003618186776285, 0.08411392619036634, 0.09818847020467104, 0.10917947176358864, 0.12358862794317274, 0.1289376498038474];en-hi
[0.0018909160347296517, 0.027000310163421085, 0.007831994496952457, 0.008091821698453723, 0.014922790289674599, 0.04258157417160882, 0.04931599030200852, 0.05630714812885965, 0.06003767189418216, 0.06864164387702952, 0.07742819552809475, 0.08707812892976437, 0.07994724579587134];en-ar
