Value;Language Pair
[0.24597071241975452, 0.2869411732411148, 0.33125158796086906, 0.3897236691042781, 0.4461763481919964, 0.5036801617095867, 0.552123990568022, 0.5626755554229022, 0.5715469518800577, 0.5608379429734002, 0.5542713342638066, 0.5550657892863576, 0.5193435640252816];en-ru
[0.39199699502438307, 0.42455834195017816, 0.46428563088178637, 0.5177237343291442, 0.5612613638242085, 0.5996429001291593, 0.6394542774558067, 0.6481194269657135, 0.651277440438668, 0.6488225685618818, 0.6347399824361006, 0.6229379623010755, 0.5776842068787664];en-fr
[0.12837821015962012, 0.1542180702610252, 0.1804757591080852, 0.23389002569019796, 0.27524066030979155, 0.3091451098707815, 0.33927260054896274, 0.34268678147151754, 0.3472273680565801, 0.35713275004449924, 0.35039890402685464, 0.35466280455080174, 0.3179514857154572];en-hi
[0.18926303732829788, 0.2192649099541207, 0.2538144773912306, 0.30836523552735645, 0.3649460322658221, 0.4267713700731595, 0.4800657630960147, 0.4952014805873235, 0.5072802980492512, 0.5054821598653992, 0.4958239484128232, 0.49076263784896584, 0.44755542593988745];en-ar
[0.25596850747863453, 0.30286616303647557, 0.3475013957420985, 0.40907277901967365, 0.4671556882560253, 0.5212779033184052, 0.5607527151207129, 0.5651081101223826, 0.5637209690238039, 0.546586176995188, 0.538103798761343, 0.5329872606104861, 0.49611885426255564];en-ru
[0.384605873413384, 0.4242942369853457, 0.4670444352676471, 0.5227562421560288, 0.5681050195793311, 0.6054386868079503, 0.6412084297835827, 0.6484995073576768, 0.6486750633517901, 0.6394425415674535, 0.6279299102847775, 0.6153556586483804, 0.5753348187046746];en-fr
[0.1340033101569861, 0.15944578047686567, 0.18676092305375883, 0.24134006023872645, 0.28153881314831475, 0.3154745843327449, 0.3395368998121315, 0.34162691481721896, 0.3486032018604844, 0.36360832713001096, 0.3654079279313252, 0.37994625203078614, 0.33652582321005564];en-hi
[0.1922406687005423, 0.22332638817528883, 0.26071311086416243, 0.316832985530297, 0.3728376910090446, 0.4321929053465525, 0.4797801067431768, 0.49076387837529184, 0.49661106689367446, 0.48299629416006307, 0.4708592377665142, 0.46571290044424435, 0.41740031355371077];en-ar
[0.24973541625464957, 0.29572472435732683, 0.3379603948195775, 0.3984835090736548, 0.45548062498370806, 0.5104979465901852, 0.5536279828846454, 0.5587926262368759, 0.5648546370138259, 0.5609599416640898, 0.5556243927060859, 0.553553934606413, 0.5216059837536886];en-ru
[0.4007643167922894, 0.4401644230633974, 0.4810067996382713, 0.5346276986102263, 0.5773907320698103, 0.6122653418779374, 0.6452665740748247, 0.6521211242179076, 0.6545211269458135, 0.6514776481005052, 0.6423468818763892, 0.6305390596638123, 0.5930807617492974];en-fr
[0.12889698357340726, 0.15965823089315867, 0.18681441345407318, 0.24118442199745915, 0.2826454074991246, 0.3191312540850292, 0.34925879213648536, 0.35667386908316984, 0.3695536272324777, 0.38435501755377727, 0.38142019625287504, 0.3885465422396859, 0.3503079857234843];en-hi
[0.19913337826728822, 0.2249144426189984, 0.25996205206339557, 0.3138991755743821, 0.36955160796642306, 0.43048026248812676, 0.4853862331310908, 0.5021721371014913, 0.5138388721396526, 0.509241780526936, 0.4998100399474303, 0.4914306786082064, 0.445716522053505];en-ar
[0.25115012818326554, 0.2976066987961531, 0.34349739480763675, 0.40573265629510086, 0.4609959828853607, 0.5179899742205938, 0.5589816969633102, 0.5662141501406829, 0.5771224707116683, 0.5647915862190227, 0.5550146867784982, 0.5500616406835616, 0.5132390848632592];en-ru
[0.3865786744405826, 0.42510809044043224, 0.46814370349049567, 0.5260877128938833, 0.5659771939615409, 0.6014090403914452, 0.6338700705766678, 0.642481836527586, 0.6479409615260859, 0.6353375879923503, 0.6262574720258514, 0.6131808145049339, 0.5823833195927243];en-fr
[0.13270755209145135, 0.16012767709131973, 0.18733737553081786, 0.242203121787558, 0.28561563627173503, 0.32490630730986597, 0.35524215165525674, 0.355843860997508, 0.357707551404989, 0.35925395296110463, 0.35748562294495057, 0.36411565456626704, 0.33280044942628595];en-hi
[0.19722896452372274, 0.22622682206332684, 0.2623105187093218, 0.31954654162128765, 0.37345113019148507, 0.4356856892009576, 0.4835710903008779, 0.4977341872950395, 0.5090145124060412, 0.495751250924853, 0.4914352334321787, 0.4862691679379592, 0.4429369097606589];en-ar
[0.2490043690117697, 0.29566484193007153, 0.34104141684869926, 0.4018523528178533, 0.4591623441874981, 0.5169500707089901, 0.5650352833668391, 0.5733894964555899, 0.5766036057223877, 0.5639496523421258, 0.5560808763870349, 0.5513352321732479, 0.5044941079430282];en-ru
[0.4057171040525039, 0.4388587582608064, 0.47864730849862097, 0.5293534237146378, 0.5698632905880611, 0.6062279947598775, 0.6415131785968939, 0.6516396833459536, 0.6601333822806676, 0.6536994001727241, 0.6424956963645915, 0.6305469963637491, 0.5890394508935667];en-fr
[0.1287222520199915, 0.1604331167494335, 0.1879173670844951, 0.23994737126554053, 0.28022666842366256, 0.316689513673385, 0.3424861038165788, 0.34474811452130477, 0.35297845864513266, 0.36539216051382634, 0.35875444827368486, 0.368434220397224, 0.33395303120759007];en-hi
[0.19191670776500055, 0.22313460274289051, 0.2596316185345252, 0.31396254800260065, 0.3688768144448598, 0.4296689138561487, 0.478959237622718, 0.49048168323934077, 0.49802029655935864, 0.49185850644484164, 0.4882777435984462, 0.4823478101318081, 0.4460805053062116];en-ar
[0.24410707377518218, 0.2853350930195302, 0.3311762514337897, 0.3943038429816564, 0.45258223325014113, 0.5145757398506006, 0.561821093261242, 0.5731736063336332, 0.5848970384647448, 0.5745371560143152, 0.5666962563035971, 0.5602074625777701, 0.5244087547273375];en-ru
[0.3900448262194792, 0.42381118995447953, 0.4649161318937937, 0.5198898414770762, 0.5644108034173647, 0.6019269889593124, 0.6382030734419822, 0.6488423802951971, 0.6499525996049246, 0.6361112210884069, 0.6217300173640251, 0.6071441607992165, 0.5707175598169366];en-fr
[0.12426310902053955, 0.1527326000093793, 0.1807292288960889, 0.2366134016091625, 0.27782129001415645, 0.3219760328810662, 0.3549579571777334, 0.3640717345227798, 0.3818583525903523, 0.4043328648130409, 0.38922139515867454, 0.39054299707369255, 0.3448117915057325];en-hi
[0.19055782964530713, 0.21616401349504788, 0.2536851678912838, 0.30781770495076977, 0.3618620007733504, 0.42405801251530645, 0.47999181707700095, 0.500809881783401, 0.5158959501671294, 0.5186931191508969, 0.5037102506814214, 0.4964582695718855, 0.4379667614990224];en-ar
[0.24286000851076095, 0.2868094680085778, 0.3331147806470593, 0.39659465217341977, 0.4532374496633808, 0.510679075991114, 0.5551222135250767, 0.5608359665671985, 0.5693025063971678, 0.5577585676560799, 0.5466982471322019, 0.5411066363782933, 0.5117224056801448];en-ru
[0.3956716037293275, 0.4332081233213345, 0.47215712040662766, 0.525411474754413, 0.5654960979521274, 0.6008827837308248, 0.6333436819911004, 0.6403954691626131, 0.640982376386722, 0.6315547538098568, 0.619152407857279, 0.6053765451318274, 0.5698290706262924];en-fr
[0.1251431941675643, 0.15257180928873518, 0.1807185888212795, 0.2359433482463161, 0.27627590477777025, 0.3112845441481719, 0.3413648407223324, 0.34787791166832904, 0.3591355105613669, 0.3661579520612334, 0.3609686191620616, 0.3661883710045368, 0.33520945088316995];en-hi
[0.1924852700252086, 0.22026775908966859, 0.2545332815746466, 0.3071652999209861, 0.3582292165110509, 0.41635137880841894, 0.4692770898838838, 0.4842221104353666, 0.4951117311604321, 0.4897361962248882, 0.4812228987024476, 0.47754137583465006, 0.4352196046151221];en-ar
[0.24825262452097377, 0.2960710378022244, 0.341542254636685, 0.40023884958277145, 0.4553274042159319, 0.5137020923693975, 0.5575061041613419, 0.5651760418961446, 0.5721410741781195, 0.5583931429156412, 0.5519381069415249, 0.5458298215394218, 0.5055290622737569];en-ru
[0.39677003646890324, 0.4321927365163962, 0.4740016849339008, 0.5255502764383951, 0.5674322165052096, 0.6046302160123984, 0.6403306778271993, 0.6464596794048945, 0.6475238560202221, 0.639172589664037, 0.6323970676461855, 0.616176104680635, 0.571110173476239];en-fr
[0.1301398204723955, 0.15795227962390831, 0.18581104634484896, 0.23668683633208276, 0.27836645988747477, 0.3183869906639059, 0.3507987855995695, 0.3575497221946716, 0.36608747706438105, 0.3802734399581095, 0.37586826059656836, 0.3851369745687892, 0.3383914027720069];en-hi
[0.1934171659188966, 0.2201513562289377, 0.2569697429337733, 0.3118364175160726, 0.3658758612473806, 0.4241158709426721, 0.4763997630774975, 0.49310890028874077, 0.5028870024532079, 0.49120793752682707, 0.4798046338158504, 0.4719820657217254, 0.4286335981544107];en-ar
[0.25156544513069096, 0.2947635617852211, 0.3399940088701745, 0.40221659063051146, 0.4577531031767527, 0.5138212639590104, 0.5551967958609263, 0.5569335486491521, 0.5576512185980876, 0.5394729615553903, 0.5375435297936201, 0.5280937002940724, 0.49464304514966595];en-ru
[0.37816760094836355, 0.4182108960300684, 0.4608760605255763, 0.5193289169172446, 0.5604749928911527, 0.5991357783476512, 0.6331722653408846, 0.6382803379495938, 0.6380203645676374, 0.6225863059485952, 0.6108142505322273, 0.5990283685270696, 0.5618226563371718];en-fr
[0.12759525261052962, 0.1566835793888701, 0.18460515217622742, 0.23901470346725545, 0.2797891282014704, 0.31548747546505185, 0.3453485577815445, 0.34922976976881426, 0.36025182315769294, 0.37089024441627166, 0.3700429413797489, 0.3738953203855393, 0.33681239260321794];en-hi
[0.19161599525483325, 0.22077815249562263, 0.2581675479747355, 0.31700910749534766, 0.37128465339541433, 0.4308290659387906, 0.47913518885771433, 0.49286743253469467, 0.5004134816428025, 0.481539774875467, 0.4773449755103017, 0.4711403361863146, 0.4397338424184515];en-ar
[0.24814969036417703, 0.29031629022521277, 0.33591872955362, 0.3990220653265715, 0.45751825532565515, 0.515830806872497, 0.5614735793694854, 0.5678924048567812, 0.5815625690420468, 0.5789756578326827, 0.5732446611928753, 0.5723307162895799, 0.530438708417593];en-ru
[0.38725895509123803, 0.4252999882400036, 0.46735130096475286, 0.5220713904500007, 0.5636067772408326, 0.6025561468799909, 0.6358702545364697, 0.6458037472764651, 0.650975509500131, 0.6485970957422008, 0.6419467740086838, 0.6293257561263939, 0.5953656895024081];en-fr
[0.12812457850396944, 0.15586223212187178, 0.18400470860884524, 0.23673433197274182, 0.2765723080855484, 0.3127483785986745, 0.34223003093153237, 0.34452631676880024, 0.35222703164753816, 0.35988110487892605, 0.3506142579073397, 0.346803190537903, 0.328717943825759];en-hi
[0.18966343987112244, 0.2212616450075681, 0.25871265362327295, 0.3165053233255943, 0.3709547806282838, 0.4324431996047497, 0.4850277998795112, 0.5042532962809007, 0.5171630247309804, 0.5067747075669468, 0.5004204806522466, 0.48942977289824435, 0.450168147534132];en-ar
