Value;Language Pair
[0.34130583982914686, 0.42629433147609236, 0.48983025014400483, 0.547738042746981, 0.6117467470467091, 0.6741547956566016, 0.7070378033816814, 0.6908436141659816, 0.7003708261003097, 0.6982687805841367, 0.6922407603170723, 0.6810866133292438, 0.7114346191684793];en-ru
[0.540276766543587, 0.5879319523895781, 0.6345619766289989, 0.6802129569898049, 0.7274512593448162, 0.7695341797173023, 0.7903530133763949, 0.779979109664758, 0.7875663121541341, 0.7881859187036753, 0.7850055787215631, 0.7681102169607766, 0.7737038385992249];en-fr
[0.1973378237225067, 0.2404752764524892, 0.2835800136687855, 0.3452741369480888, 0.4000618028640747, 0.4620714436781903, 0.49891261782497165, 0.48084645039809404, 0.48647050893865523, 0.4990603353828192, 0.5084495408739894, 0.5243165538363004, 0.583110896984969];en-hi
[0.29380440164357424, 0.3583798959137251, 0.40824085513750713, 0.46957593858242036, 0.5342707222451767, 0.6014501640200615, 0.6337724378208319, 0.6160031692435344, 0.6160042323668797, 0.6075559793133773, 0.6078956565074622, 0.6120311996090458, 0.6631744933417455];en-ar
[0.3524111344044407, 0.44184475649148225, 0.5026781504849592, 0.5571956329792738, 0.6174537823845943, 0.6802937517563502, 0.712842546304067, 0.6950269366800785, 0.7007409307609002, 0.6958010268335542, 0.6850493699250122, 0.67012121231528, 0.6871267143239189];en-ru
[0.5493197957923015, 0.6028560179720323, 0.6488301946222782, 0.6898509182035923, 0.7310979628562927, 0.7704181882739067, 0.790305775453647, 0.7795734261969726, 0.7852407635003328, 0.7846708244333664, 0.7789718770398758, 0.7692689368749658, 0.7831848503913109];en-fr
[0.19887852602172643, 0.25010367296325664, 0.29168992685774964, 0.3515453379645866, 0.40271030365489424, 0.46120568696254244, 0.49272391185785336, 0.4722265761780242, 0.47767805473413316, 0.48624904740058505, 0.4959936389198992, 0.5101982856776643, 0.5680081443553232];en-hi
[0.29928730038926005, 0.3680457868675391, 0.4162522752955556, 0.4779679152121146, 0.5437183861434459, 0.6106046273807685, 0.6412244947006305, 0.622184878885746, 0.619998967970411, 0.6111165577669938, 0.6094679888613367, 0.6111123585960982, 0.6652708016083732];en-ar
[0.3584383820742369, 0.4411001015454531, 0.5036074002832174, 0.5588751565416654, 0.6210458601017793, 0.6816427552700043, 0.7119949358205001, 0.6954233932495117, 0.7024951852858067, 0.697179251058648, 0.6879689386487007, 0.6746540746616665, 0.7030085481179412];en-ru
[0.5540629204610984, 0.6053939693172773, 0.6503765851259231, 0.6928040829797586, 0.7359971137841542, 0.7749608299136161, 0.793787016471227, 0.7829507525761922, 0.7871844960252444, 0.7871351838111877, 0.7801574883237481, 0.7671905923355371, 0.7780008121533319];en-fr
[0.20485247103497387, 0.25263091826500994, 0.29606032761434714, 0.35680870139350496, 0.4100367142880956, 0.4669580139266327, 0.5003823028194407, 0.48021461485807476, 0.48538973545112335, 0.49527340000805753, 0.503725645748782, 0.515669376483808, 0.5700444594912308];en-hi
[0.30544330428975325, 0.36980985254049303, 0.4202259323745966, 0.4821377699325482, 0.5490290993452072, 0.6153635111451149, 0.6457515698671341, 0.6256051571667194, 0.6226113916685184, 0.610451998624485, 0.604668893739387, 0.6031180571411581, 0.6604149632217984];en-ar
[0.34294693352965017, 0.4324190327276786, 0.49651266989608606, 0.5504783285409212, 0.614971121052901, 0.6777101468543212, 0.7105736828347047, 0.6959939795732498, 0.7043944588055213, 0.6980947784303377, 0.6873052030988037, 0.6710273112746654, 0.6974686176849839];en-ru
[0.5376188306999393, 0.5942916736627618, 0.6394830544417103, 0.6825737287849187, 0.7291988123456637, 0.7715195602178574, 0.7916861620545387, 0.7822797925770283, 0.7903865608076255, 0.7902889034400383, 0.7823518655821681, 0.7644906112536167, 0.778285496122359];en-fr
[0.1918508820068867, 0.24284197700986018, 0.28718521937107044, 0.34774385509081185, 0.4010135805482666, 0.46185314158909024, 0.49308606893600276, 0.47203482513160755, 0.4780151461635251, 0.4893455944986393, 0.4976455114230824, 0.5065369273163378, 0.551129657898952];en-hi
[0.288828309251694, 0.36001454380961756, 0.41041817888617516, 0.4723265691598256, 0.539119937022527, 0.6083356799185275, 0.6398411473383506, 0.6243720036248366, 0.6249614714086056, 0.6165456603250156, 0.6139266153450201, 0.6150738267471509, 0.6681222974780636];en-ar
[0.3603642269099752, 0.44691480533530314, 0.5084212850375722, 0.5629444726626389, 0.6252715913640956, 0.6852582973676423, 0.7149532399202386, 0.6994116753153503, 0.7064844546963771, 0.7013398344566425, 0.6935789913622041, 0.6789812087236593, 0.7096556741356229];en-ru
[0.5520265576988459, 0.6054412259161472, 0.6519152061641216, 0.694323906203111, 0.7388748920957248, 0.7790289962788423, 0.7980195181568464, 0.7886577403048675, 0.7961323205133279, 0.795515470256408, 0.7886625996977091, 0.7685636251155908, 0.7689789490716066];en-fr
[0.21131329458439724, 0.26068640195764603, 0.30363362378130354, 0.36455205155691756, 0.41732983832557996, 0.47276190979406235, 0.5017165141079992, 0.47987233955335495, 0.4865710156504065, 0.49791058111858244, 0.5089596033166163, 0.5250877604307607, 0.5815073207426273];en-hi
[0.3070268996952412, 0.3717170046021541, 0.4221721820781628, 0.4849686328942577, 0.551604992672801, 0.6161909713347753, 0.6472593776881694, 0.6283623807877302, 0.6273348231365283, 0.6174114600444833, 0.6121343830646947, 0.6098795851533456, 0.6622125710157464];en-ar
[0.3595317955190937, 0.44298383322854834, 0.5033343353122472, 0.5564868237574895, 0.6165640149017175, 0.6794908764461677, 0.7119227062662442, 0.6966900467375914, 0.7041825798153877, 0.6995231936872005, 0.6871750893614565, 0.6661162851776073, 0.6899501900651376];en-ru
[0.5603866407523552, 0.6090637545535962, 0.652761537929376, 0.6935898452500502, 0.7349491926034292, 0.7753355937699477, 0.7935668741166592, 0.7838807851572831, 0.7904594734807809, 0.7903702506795526, 0.7813460065238178, 0.763160330549969, 0.7604830476175993];en-fr
[0.20500315362995025, 0.25376727301152036, 0.29733932078893605, 0.3572454068188866, 0.40811322471747796, 0.4690754104917869, 0.5021221726915489, 0.48302203860366716, 0.48979802209883927, 0.5011206186605462, 0.5115840994520113, 0.5214190256777995, 0.5831127255689352];en-hi
[0.3135005386872217, 0.3768833730990688, 0.4235434194405874, 0.4842242792248726, 0.5495477069914341, 0.6174105576425791, 0.6479284560928742, 0.6288133645306031, 0.6287655116120974, 0.621485646784616, 0.6236586147298415, 0.6319077756380042, 0.6868774139337862];en-ar
[0.36601095765829084, 0.4496684993182619, 0.5116490586350362, 0.5653836594521999, 0.6258611769974232, 0.6879742816090584, 0.7175872616966565, 0.7032205533236265, 0.7102090773483117, 0.7052913490186135, 0.6934808607958257, 0.6751070118808032, 0.703026391841316];en-ru
[0.5640589567025502, 0.6145761318008105, 0.6603049508233865, 0.7016267643372218, 0.7439571793874105, 0.7820870754122734, 0.8003856340050697, 0.7906511349479357, 0.7969773050645987, 0.7941827618579069, 0.7843391127542904, 0.7683218713601431, 0.7757276977660755];en-fr
[0.2162587628092539, 0.2649721058846141, 0.30727505566571683, 0.3676132964529097, 0.4178297126836454, 0.47633675499896827, 0.507053285773533, 0.48623861821756387, 0.4921891784885277, 0.500964495362629, 0.5076433808015038, 0.5159862181602511, 0.5671250585191107];en-hi
[0.3186262908329566, 0.38162554550915956, 0.43010700566073257, 0.49033377851049104, 0.5528218989074231, 0.6199259007970492, 0.6499890846510729, 0.6338350514570872, 0.6373067650198937, 0.6286082862503827, 0.627317656056645, 0.625453728241846, 0.6792082411578546];en-ar
[0.35894470021128655, 0.44266880785425505, 0.5050903903444608, 0.5605460499227047, 0.6229586943984031, 0.6827598877747854, 0.7132118024925391, 0.6977491135150194, 0.7057138168811798, 0.7023365814611315, 0.6955089973813544, 0.685799878166387, 0.7172975881471454];en-ru
[0.5554131648813685, 0.6070884050180515, 0.6521691866715749, 0.694520380795002, 0.7379904549320538, 0.7765267168482145, 0.7946356908977031, 0.7848303710917631, 0.7922443826993306, 0.7938002519557873, 0.7895501271883647, 0.777841577452297, 0.7830642661376623];en-fr
[0.20829798482901726, 0.2563044450307886, 0.299961900904309, 0.36263427233944334, 0.41619040162457777, 0.47204842367209493, 0.5000945700565353, 0.48038565532692395, 0.4912959186142931, 0.5077846127930873, 0.5222016840831687, 0.5356478393411575, 0.5825440611309993];en-hi
[0.31179977191456903, 0.3759176774943868, 0.4267393549904227, 0.4891015697270632, 0.5537646154562632, 0.6187245757381121, 0.6490287697315216, 0.6302244883775711, 0.6301837099840244, 0.6223638837536176, 0.6218089228868484, 0.6276934011063228, 0.691339752546434];en-ar
[0.34834481445451576, 0.43593357616414624, 0.49801527480284374, 0.5534209820379814, 0.6142556590835253, 0.6763906907538573, 0.7072711696227392, 0.6917864048232635, 0.6989435785015424, 0.6923379986236493, 0.6839418886291484, 0.6681418780703098, 0.7024040138570126];en-ru
[0.5427811996762951, 0.5954796036332846, 0.6404108181844155, 0.6815864136815071, 0.7252079899112384, 0.767133105546236, 0.7869363786280155, 0.7773622820278009, 0.7832217027246952, 0.7807241126646598, 0.7747477149715026, 0.7580541276279837, 0.7642622548885023];en-fr
[0.21030924655186634, 0.2584678384281384, 0.30147706407432756, 0.36038673429439466, 0.4120988964972397, 0.47041622135943423, 0.4985723314403246, 0.47752060888994796, 0.4829297145844127, 0.49106185724638635, 0.4991880323045674, 0.5076336268595575, 0.5415518441757498];en-hi
[0.3049493635787318, 0.3695945603276293, 0.4204814348369837, 0.4825096867978573, 0.5483716038862864, 0.6153428139785926, 0.6460603670279185, 0.628006756156683, 0.6247884406149388, 0.611686069406569, 0.6087032163360466, 0.6087436202540993, 0.6643047094197634];en-ar
[0.3612505761782328, 0.44611542865633963, 0.5070961598555247, 0.5601804255445798, 0.6237475078801314, 0.6870650339126587, 0.718455853710572, 0.703103121817112, 0.7092957045137882, 0.7048275751372178, 0.6942323432435903, 0.6752879712590948, 0.7040285599645479];en-ru
[0.5567486151715275, 0.609427043000857, 0.6532512842367093, 0.6943379281461239, 0.7372013791898886, 0.7772339976330598, 0.7962007903556029, 0.7866281060874463, 0.7920866526663304, 0.7913762704034646, 0.7861837800840537, 0.7686898514985417, 0.7638593988943224];en-fr
[0.2040304128821784, 0.25487096441366397, 0.29803393782814963, 0.35903518163288634, 0.41426643090943494, 0.47370170762141545, 0.5051526795576016, 0.484583816366309, 0.49321667277642217, 0.5072052561160915, 0.5179024337076893, 0.5303031713620294, 0.5744187636663749];en-hi
[0.3103421663007854, 0.3736034922550122, 0.42239428278058766, 0.48376650653779507, 0.5491696849962076, 0.6164876709381739, 0.646240945160389, 0.6283690012991429, 0.6267677828172843, 0.6179333841303984, 0.6181901157336931, 0.6214136967575178, 0.6783501113516589];en-ar
