Value;Language Pair
[0.7930987199768424, 0.352657257206738, 0.3733000233769417, 0.42922329157590866, 0.40102473013103007, 0.718294483423233, 0.7829454362392425, 0.7981331886723637, 0.8110024257563054, 0.8199807211756707, 0.8639520488795824, 0.8887471437454224, 0.6914169117808342];en-ru
[0.8051506087183953, 0.5031100313644856, 0.43100547324866056, 0.43848972767591476, 0.42456918619573114, 0.6739936240017415, 0.7602253735065461, 0.79060795661062, 0.8162626661360264, 0.7770256911404431, 0.7772965550422668, 0.8918493330478668, 0.6676016561686993];en-fr
[0.8235263656824827, 0.3497162668965757, 0.2789695598883554, 0.305447400175035, 0.36864888328127565, 0.5205092530697584, 0.5534576354548335, 0.5625223171897232, 0.572022243309766, 0.39385518673807385, 0.37648124450352044, 0.46717708334326746, 0.5220654540462419];en-hi
[0.781144255772233, 0.2932010659016669, 0.2739053280092776, 0.38318402469158175, 0.45682919593527915, 0.5414867473766207, 0.5634764383547008, 0.5705857314169407, 0.543195866793394, 0.357760178251192, 0.3635712956078351, 0.42207043059170246, 0.588448258396238];en-ar
[0.767810482159257, 0.38402938321232793, 0.35252817237051204, 0.4174376863986254, 0.36053848126903176, 0.5814012441784143, 0.6488704747520387, 0.7190522682183655, 0.7701074995100499, 0.7761782228946685, 0.9100183919072151, 0.9633955985307694, 0.6343733452260494];en-ru
[0.7460478149354458, 0.4577410077676177, 0.37283584997057917, 0.40379361547529696, 0.45340013932436707, 0.6749425761401653, 0.7490995526313782, 0.7540441547520459, 0.7946573734283447, 0.8236520290374756, 0.870542635768652, 0.9661726891994477, 0.6708923242986202];en-fr
[0.6603961832821369, 0.44218774139881134, 0.29405423114076257, 0.3249565927777439, 0.49198166229762136, 0.5565616332460195, 0.6189059104770422, 0.7167017873376608, 0.7727197453379631, 0.6843293406069278, 0.8520404681563377, 0.8217532515525818, 0.6604735789820552];en-hi
[0.7225536659359932, 0.3883921454194933, 0.3134197875857353, 0.3560212892014533, 0.531856066104956, 0.6496166499331594, 0.7291601513978094, 0.7905349753797054, 0.7834564007818698, 0.6501625891774893, 0.8136956888251007, 0.8213308617472649, 0.5513336293399334];en-ar
[0.7632355228066444, 0.4351670792326331, 0.32757904306054114, 0.42917783856391906, 0.537962981313467, 0.7437128882855177, 0.81849704682827, 0.8850060179829597, 0.9289447158575058, 0.9295857757329941, 0.9780661582946777, 0.9725287705659866, 0.7712439265102148];en-ru
[0.8221542954444885, 0.546428669989109, 0.4437907911837101, 0.49341883808374404, 0.5795285847038031, 0.7911872483789921, 0.871528684347868, 0.9156708233058453, 0.9301320180296898, 0.9025289878249169, 0.9655071943998337, 0.9566308379173278, 0.7324792208150029];en-fr
[0.814016592502594, 0.4113389704376459, 0.324943907931447, 0.36584015656262636, 0.45962225925177336, 0.7560751795768738, 0.8459885060787201, 0.8794496044516563, 0.8539446413516998, 0.7522377073764801, 0.8386550635099411, 0.7541979510337115, 0.5352625860832632];en-hi
[0.805433788895607, 0.3585453674197197, 0.29891360737383366, 0.46347914859652517, 0.5839735999703407, 0.7016967881470919, 0.7922664053738118, 0.8799789279699326, 0.867878895998001, 0.7165710835368373, 0.8683362126350402, 0.8082542702555656, 0.5230819379910827];en-ar
[0.6586246625520289, 0.4045873261988163, 0.27748399348929526, 0.34093802645802496, 0.3738718583248556, 0.45763232111930846, 0.5824844900518655, 0.6917748212814331, 0.7556445796042681, 0.6813771538436413, 0.7926655043847859, 0.8078064069151878, 0.6938770398497581];en-ru
[0.7000023141503334, 0.40336450971662996, 0.37172814141958954, 0.351090431958437, 0.3209531753323972, 0.5324183502234519, 0.6317783306818455, 0.7355692479293794, 0.7914892628788948, 0.7755776876583695, 0.8489495364949107, 0.8672137692570686, 0.6380991987884045];en-fr
[0.6842750381678343, 0.3821114129386842, 0.24734353721141816, 0.2812353123910725, 0.27702518126461656, 0.4132823974825442, 0.5031138299964368, 0.5795076183974743, 0.5484109904617072, 0.33848197758197784, 0.37307031112723055, 0.41839364264160395, 0.5928578205406666];en-hi
[0.6258242785930633, 0.3860199142596684, 0.28652030215598645, 0.30717200599610806, 0.34451709426939486, 0.4649548716843128, 0.5717225078493356, 0.6880471564829349, 0.7740544579923153, 0.7136104635894298, 0.8474013209342957, 0.7426400864031166, 0.5399235819699243];en-ar
[0.7665028497576714, 0.29356360123492775, 0.3219731688499451, 0.4006788246333599, 0.3116066480986774, 0.5430392824113369, 0.6195804305374623, 0.6380201915279031, 0.6209380155429244, 0.519734150916338, 0.732678497210145, 0.7450778141617775, 0.5165113423019647];en-ru
[0.7915046937763691, 0.35016526870895176, 0.35383695308119056, 0.3485254403203726, 0.44454193860292435, 0.5768381737172603, 0.6468255192041397, 0.6788503982126712, 0.6821773728355766, 0.6074942184379324, 0.7909429999068379, 0.7365102581679821, 0.5099752087146043];en-fr
[0.7389161549508572, 0.2714101775083691, 0.2992192338220775, 0.2773873276077211, 0.3789590290514752, 0.5021378677338362, 0.536942046508193, 0.5658730328083038, 0.5485116161406041, 0.4233830351382494, 0.36146905422210696, 0.47832523137331007, 0.6507545977830886];en-hi
[0.7564107730984688, 0.31182636469602587, 0.2891594674438238, 0.29259150857105853, 0.42996327131986617, 0.5258219126611948, 0.5878695838153363, 0.6164569074288011, 0.5523017780855298, 0.45019673567730933, 0.3832576159387827, 0.45313446279615166, 0.4890092745423317];en-ar
[0.740137842297554, 0.32424069512635467, 0.27034486684133296, 0.2661019699648023, 0.31683406891243066, 0.5032598220277578, 0.588376246439293, 0.6186491124331951, 0.683847751840949, 0.6076750417239964, 0.7230257116258144, 0.638070073723793, 0.5407708086073398];en-ru
[0.7968943305313587, 0.3519122473197058, 0.3263774482533336, 0.32485763360746206, 0.44551368411630393, 0.5678472327068448, 0.5911113370209933, 0.585588073101826, 0.6722355982288718, 0.6220595203340054, 0.7753176115453243, 0.7725321024656295, 0.6321967693045736];en-fr
[0.7499125943519175, 0.34357087444514034, 0.28916737250983715, 0.27261102898046374, 0.490358205139637, 0.5434105198830366, 0.5868167291744613, 0.5910618035122752, 0.5616722919046879, 0.4133401792496443, 0.4503866409882903, 0.49272041358053686, 0.582283228635788];en-hi
[0.7639262840151787, 0.3011781546287239, 0.29432051060721276, 0.36548354774713515, 0.5311180461198092, 0.5471140015870333, 0.5835734643042088, 0.5946397759020329, 0.5772997455671429, 0.48641973193734883, 0.503156740963459, 0.5331097644288093, 0.5860153008252382];en-ar
[0.8010138973593712, 0.34771396713331343, 0.31918422812595965, 0.34748483803123237, 0.3911162491887808, 0.5604188954457641, 0.6860681757330894, 0.7780037648975849, 0.7606229586875998, 0.7104947368614376, 0.7798263981938363, 0.6400385230779648, 0.631607380695641];en-ru
[0.7986445806920528, 0.39545361083000896, 0.36565966345369816, 0.3814568290021271, 0.5532514683902263, 0.6081584021449089, 0.7024374186992646, 0.7431046752259135, 0.7751204296946526, 0.7706693571060896, 0.8252931758761406, 0.7318192832171917, 0.7004347134381532];en-fr
[0.7765402406454086, 0.306234635412693, 0.2620994007214904, 0.3013739429414272, 0.4713642045855522, 0.5878924310207367, 0.6304524990264326, 0.6757510758936405, 0.6880600770935417, 0.6339483760297299, 0.5448421549750492, 0.5354414381086826, 0.5740608625113964];en-hi
[0.7371013188967481, 0.29946794342249633, 0.34475148245692255, 0.39550070464611053, 0.5050977237522603, 0.622251445427537, 0.6815585296601057, 0.6829421363770962, 0.590742486808449, 0.45638102665543556, 0.46618121340870855, 0.5546415910124779, 0.6527056880295277];en-ar
[0.8690570697188378, 0.3129366402281448, 0.34632978327572345, 0.4363091570325196, 0.3884642284363508, 0.5596795834600925, 0.6564510896801948, 0.7333465449512004, 0.793026813864708, 0.7151107646524906, 0.6702866975218058, 0.7350002944469451, 0.6603717140853405];en-ru
[0.8609641075134278, 0.4321287255734205, 0.3883406382985413, 0.3754767119884491, 0.4202909000217915, 0.6238188616000115, 0.6830506491474807, 0.7202438868582248, 0.704240369796753, 0.4450190056115389, 0.4089323852211237, 0.4353522077202797, 0.7965504944324493];en-fr
[0.8389247134327888, 0.3091058277525008, 0.2618414184078574, 0.3114649338647723, 0.4238883789628744, 0.554503109306097, 0.6519505530595779, 0.7187178917229176, 0.7109155207872391, 0.6533604875206948, 0.652906845882535, 0.6708913485519588, 0.6061118173412978];en-hi
[0.8259633716195822, 0.2820259306579828, 0.2740021485835314, 0.3872338976711035, 0.4211365637369454, 0.4928637223318219, 0.5661996670067311, 0.5893420856446028, 0.533934003021568, 0.4925037850625813, 0.6722583647817373, 0.6986397430300713, 0.6971499606966972];en-ar
[0.7820805900730192, 0.3580643754452467, 0.33762969486415384, 0.4390119567513466, 0.4142075164243579, 0.587637084722519, 0.6646089401096106, 0.7196278989315033, 0.7261290274560451, 0.6845297865569592, 0.840961929410696, 0.8920643329620361, 0.6634145431220532];en-ru
[0.799585473537445, 0.5251742318272591, 0.45405848063528537, 0.5126514852046966, 0.580056906491518, 0.7488027762621641, 0.8150176260620355, 0.8470274470746517, 0.8663406074047089, 0.8337314955890178, 0.9087840884923934, 0.862605695426464, 0.7073591262102127];en-fr
[0.7582990125054494, 0.3433295167516917, 0.24878498292528092, 0.28609481209423393, 0.4768844723701477, 0.6601587060838938, 0.7355404682457447, 0.7676590073853731, 0.8173291966319084, 0.800356512889266, 0.8881374448537827, 0.8385759815573692, 0.6843302145600318];en-hi
[0.7598001785576344, 0.3995234946953133, 0.26352638634853065, 0.3264629891142249, 0.36588572897017, 0.47867872975766657, 0.5641607373952866, 0.6291346676705871, 0.6106521137058735, 0.5167673155665398, 0.6596575576812029, 0.5024578955024481, 0.605226281285286];en-ar
[0.7250872611999511, 0.36101050439756366, 0.3188140349462628, 0.31746880295104346, 0.4354542031884193, 0.523695288784802, 0.5807695208117366, 0.6311395018361509, 0.7238487485796213, 0.6416731558740139, 0.7335649631917477, 0.6474077761173248, 0.6276509903371335];en-ru
[0.749842693656683, 0.4425542879849672, 0.37593491561710835, 0.39909421689808366, 0.46683829873800275, 0.5868532888591289, 0.6218148112297058, 0.6797840937972068, 0.7368579238653183, 0.6207190771587193, 0.7679589219391346, 0.6255079850554466, 0.6182150855660439];en-fr
[0.7693904042243958, 0.3261565525084734, 0.26198414629325273, 0.3300708157941699, 0.3974431253969669, 0.5674395710229874, 0.6166808292269707, 0.6554659768939018, 0.6908752247691154, 0.5562341090291738, 0.4815812576562166, 0.48338135704398155, 0.6319571152329445];en-hi
[0.7504190862178802, 0.34836057713255286, 0.2969463706016541, 0.30613054167479276, 0.3343738847412169, 0.4684192299842834, 0.5812818165868521, 0.6598029069602489, 0.6914553482085466, 0.589516150392592, 0.7236139833927154, 0.6344953682273626, 0.555888208374381];en-ar
