Value;Language Pair
[0.7173862930387258, 0.4004055836237967, 0.31850403882563116, 0.412830070592463, 0.6178074464201927, 0.7169126950204372, 0.7856249995529652, 0.8479367271065712, 0.863310256227851, 0.8228365816175938, 0.9034221440553665, 0.9357334896922112, 0.8001063227653503];en-ru
[0.7802869936451315, 0.48058628365397454, 0.41170331966131923, 0.4773088565096259, 0.5488213799893856, 0.7431603632867336, 0.7864526718854904, 0.8137787271291017, 0.8094550236943178, 0.7875597178936005, 0.9124591961503029, 0.9462121278047562, 0.7875869184732437];en-fr
[0.716732031852007, 0.3946377610787749, 0.3153886390849948, 0.32185541205108165, 0.4345932474825531, 0.5941086737439036, 0.6639252629131078, 0.6915593989193439, 0.7385019458830356, 0.631478176638484, 0.7332386702299118, 0.7851578004658222, 0.5090331893414259];en-hi
[0.706559713021852, 0.3305203290656209, 0.22732417713850736, 0.3265722797252238, 0.5048333534650737, 0.6646831352263689, 0.7573912188410759, 0.7802115332335233, 0.7205552592873573, 0.6950471229851246, 0.8877869211137295, 0.9642833501100541, 0.672036174684763];en-ar
[0.6708149734884501, 0.43614332750439644, 0.28075049053877593, 0.353944518789649, 0.46444975677877665, 0.7129824392497539, 0.7896477252244949, 0.8366347543895245, 0.7949906120076775, 0.7428122274577618, 0.8643821015954017, 0.9253521174192428, 0.8289894744753837];en-ru
[0.6383564480114728, 0.5352500662207603, 0.3506131756352261, 0.41388461031019685, 0.4998648456297815, 0.7917474254965782, 0.8585631400346756, 0.8939917415380478, 0.8759208276867867, 0.8425337877124548, 0.876054885610938, 0.9433371126651764, 0.8784427732229233];en-fr
[0.6703988138586283, 0.3186438025906682, 0.21710799066349865, 0.30204776488244534, 0.48400022722780706, 0.78966304063797, 0.8375977158546448, 0.8286431692540646, 0.8103957891464233, 0.7079347092658281, 0.8399967219680547, 0.9041682481765747, 0.6454520113766193];en-hi
[0.6524462847970426, 0.39940984584391115, 0.31307110721245407, 0.3661449024453759, 0.5657213225960731, 0.8038275837898254, 0.8442959174513817, 0.8738833598792553, 0.8669050723314286, 0.776595288142562, 0.8671254947781563, 0.9010033518075943, 0.7911084666848183];en-ar
[0.7282395876944066, 0.2808933690190315, 0.24056211742572486, 0.32848698570742274, 0.46117974864318967, 0.7689149305224419, 0.8284546798095107, 0.8665128238499165, 0.849515026062727, 0.8042594409082084, 0.9100459396839142, 0.9365473479032517, 0.7707859262824058];en-ru
[0.6681454360485077, 0.4064961502328515, 0.3306304522440769, 0.36992632523179053, 0.4679003098979592, 0.8123377919197082, 0.8913979232311249, 0.9397834122180939, 0.9305055558681488, 0.8923397526144982, 0.9499077647924423, 0.9635305881500245, 0.8558839187026024];en-fr
[0.7479609847068787, 0.27338306326419115, 0.21694153057178484, 0.2993178479373455, 0.40852462547481994, 0.7004467606544494, 0.7952516302466393, 0.8414103019982576, 0.8170290917158127, 0.6338628225028515, 0.7330693258903921, 0.823955649137497, 0.5756897423416376];en-hi
[0.7499100565910339, 0.3754626039881259, 0.23893195451237262, 0.31446359399706125, 0.44213725328445436, 0.7730121374130249, 0.8462952315807343, 0.8705074133351445, 0.8692454040050507, 0.7710854120552539, 0.9009388834238052, 0.906884515285492, 0.7928229704499244];en-ar
[0.8277781262993813, 0.4696239296346903, 0.3374451100593433, 0.37861521998420355, 0.5246113121509552, 0.755501377210021, 0.8257434545084834, 0.8601778795942664, 0.8797554254531861, 0.8688781335949898, 0.9614531219005584, 0.9771289974451065, 0.8185142204165459];en-ru
[0.8418235436081887, 0.5361865514889359, 0.39061540744733064, 0.4471740803681314, 0.5371677991002798, 0.7748354203999043, 0.8636633858084679, 0.9007237270474434, 0.9011624597012997, 0.8755149260163307, 0.9325966276228428, 0.9750861555337906, 0.8541413307189941];en-fr
[0.8587783813476563, 0.3655111510306597, 0.2914943866431713, 0.3734461696818471, 0.45956854287069293, 0.70715366974473, 0.8071543350815773, 0.8748563557863236, 0.8509973630309104, 0.7482451401650906, 0.8847161307930946, 0.9361043155193329, 0.6991514015942812];en-hi
[0.7379996899515391, 0.4830681848339736, 0.3350342333316803, 0.43827924951910974, 0.5949515782296657, 0.7515423946082592, 0.8049911781214177, 0.8610634438693523, 0.8909819841384887, 0.8635281704366207, 0.9395682126283645, 0.9202047065831721, 0.7975405156612396];en-ar
[0.7436730727553368, 0.44488122314214706, 0.3044307612348348, 0.35436381450854243, 0.39144652332179247, 0.7004462520591914, 0.7898220987990499, 0.8499306000769138, 0.8520423613488675, 0.8448145426809788, 0.9208881318569183, 0.9632524430751801, 0.7992731019854545];en-ru
[0.7956480227410794, 0.46033186026616024, 0.3564808621071279, 0.417734937928617, 0.4726847151760012, 0.7334468901157379, 0.8031348183751106, 0.8676558390259743, 0.8446565464138984, 0.764910002425313, 0.9112080857157707, 0.9677872449159622, 0.8551586419343948];en-fr
[0.8037455260753632, 0.3622086374554783, 0.3100195023231208, 0.35060699470341206, 0.4997503995895386, 0.7445550451986491, 0.7796089228242635, 0.7982001803815365, 0.7527125826105475, 0.5493951203301549, 0.7666928775608539, 0.8952662795782089, 0.6467429349198938];en-hi
[0.7716640993952751, 0.3440007953904569, 0.2291387366130948, 0.3186839264817536, 0.37345138620585205, 0.714610543847084, 0.7918195210397243, 0.862979619204998, 0.8498268842697143, 0.7248168990015984, 0.8930374324321747, 0.9117829993367195, 0.8390124678611756];en-ar
[0.6441937074065208, 0.43033442916348574, 0.3219874374335632, 0.37313905358314514, 0.41975155398249625, 0.6571340449154377, 0.7597102703526616, 0.8424653172492981, 0.8214874608442188, 0.7706320121884346, 0.9076587706804276, 0.9503310412168503, 0.7669146362692117];en-ru
[0.7072804363444447, 0.4980185326188803, 0.3621802495792508, 0.3722815699875355, 0.48580196044640617, 0.7126306816935539, 0.7704274486750364, 0.8579595297574997, 0.8564334765076638, 0.793280028924346, 0.9093791902065277, 0.9391429334878921, 0.8860252261161804];en-fr
[0.7021879732608796, 0.34213605150580406, 0.21232507787644864, 0.26819129697978494, 0.35394777469336985, 0.5359730266034604, 0.6859570547938347, 0.8493494331836701, 0.8629061877727509, 0.7549709789454937, 0.9052252799272538, 0.9107262879610062, 0.5884920472977683];en-hi
[0.6193702160380781, 0.41448902860283854, 0.3036809683311731, 0.3068329695612192, 0.4057432875270024, 0.7322337597608566, 0.8084734618663788, 0.8908235311508179, 0.8913649797439576, 0.8367157280445099, 0.9494380235671998, 0.9614559382200241, 0.8169625192880631];en-ar
[0.7968804508447647, 0.46611801646649836, 0.3152137756347656, 0.34263055346673355, 0.5571458214893937, 0.7856610074639321, 0.8538127318024635, 0.8768185719847679, 0.8795557392761111, 0.8864742923527956, 0.9356084048748017, 0.9756338357925415, 0.7812144175171852];en-ru
[0.8378902569413185, 0.5619477852247655, 0.44665856519714, 0.4891782322898507, 0.5942888356745243, 0.7666204884648323, 0.8665495023131371, 0.9267901316285133, 0.9432808548212052, 0.9258709609508514, 0.9764137655496598, 0.9806484848260879, 0.7767646476626396];en-fr
[0.7931583240628243, 0.31894724201411007, 0.22627453366294503, 0.30327577171847225, 0.4987323921173811, 0.7048347784206271, 0.7848330795764923, 0.8406296491622924, 0.7734214022755623, 0.5463188216555863, 0.685810751374811, 0.6357713077217341, 0.5441917888820171];en-hi
[0.7462735805660486, 0.3560571595095098, 0.2352854798315093, 0.34421525201760234, 0.5531860040413449, 0.7913705840706825, 0.857369551062584, 0.9020726248621941, 0.8647613579407334, 0.8016757398843766, 0.9183560460805893, 0.9011559262871742, 0.7498598799109459];en-ar
[0.644990555755794, 0.3742838393896818, 0.20120618268847465, 0.3140375051647425, 0.409843914443627, 0.6701613020151853, 0.7823436595499516, 0.8538753941655159, 0.8535740479826928, 0.7729837612248958, 0.8876159563660622, 0.9075055638328194, 0.7296391774900257];en-ru
[0.6991851683706045, 0.4620424778666347, 0.33128647701814773, 0.4195363983511925, 0.4944418457336724, 0.6759151129052043, 0.7315553948283195, 0.8078135058283806, 0.8275717496871948, 0.7462289683520794, 0.813941794866696, 0.9479728758335113, 0.7076921477913857];en-fr
[0.6926351346075534, 0.3794549711048603, 0.22271109437569975, 0.2536605867557228, 0.42836631555110216, 0.6467799674719572, 0.7409439127892256, 0.8214280903339386, 0.8518569692969322, 0.7690208442509174, 0.9060921430587768, 0.9348392367362977, 0.4756571829319];en-hi
[0.6087018981052097, 0.35722219236195085, 0.24938659719191492, 0.33860112689435484, 0.4900129662826657, 0.7261445164680481, 0.7516452368348837, 0.8175257831811905, 0.8333183467388153, 0.7613230183720588, 0.947508692741394, 0.9538255542516708, 0.5679728500545025];en-ar
[0.7989203158766032, 0.38221918302588165, 0.2947317252866924, 0.3648711495101452, 0.4861535418778658, 0.7033969607204199, 0.8200246497988701, 0.8925949513912201, 0.8933308035135269, 0.8457031108438968, 0.953798508644104, 0.953645521402359, 0.7870019853115082];en-ru
[0.8473433397710324, 0.4681285945698619, 0.3425237883348018, 0.41457256115972996, 0.515415496006608, 0.6953784078359604, 0.7607163629028946, 0.8335637256503106, 0.8199204406701028, 0.7721311133354902, 0.8931926645338535, 0.947693157196045, 0.7919365391135216];en-fr
[0.8419345989823341, 0.4451627664268017, 0.37222351394593717, 0.4241525178775191, 0.5294048495590686, 0.6399142272770405, 0.7127961739897728, 0.7991619423031807, 0.8090545311570168, 0.7083540473133325, 0.888905859971419, 0.9131512522697449, 0.6302579216659069];en-hi
[0.7757536493241787, 0.3643872038752306, 0.33045374397188426, 0.43993197232484815, 0.5776255092583596, 0.6625038509257137, 0.7621051215566694, 0.8635682031512261, 0.8958976686000824, 0.8507028251886368, 0.9583707749843597, 0.9468878149986267, 0.7707617193460464];en-ar
[0.6345062647480517, 0.3659403771162033, 0.30487244892865417, 0.3226733811199665, 0.5067816574126482, 0.6355175644159317, 0.7087321030907333, 0.7705003807321191, 0.7879922598600387, 0.7347728405147791, 0.8793224908411503, 0.9687539160251617, 0.7655997619032859];en-ru
[0.6757737567648292, 0.4048920704051852, 0.3609921214636415, 0.4166923529468477, 0.5564003631472587, 0.6798868261277675, 0.741566686052829, 0.8050433091819287, 0.8159725666046143, 0.7589816165156662, 0.8973617359995842, 0.9518854469060898, 0.827188004553318];en-fr
[0.682198266685009, 0.3999513297341764, 0.2906158964149654, 0.33704735022038224, 0.42814778527244923, 0.6222082812339067, 0.6488803456537425, 0.7118441749364137, 0.791254847496748, 0.6863584764301777, 0.840959706902504, 0.9119034916162491, 0.5270178552716971];en-hi
[0.6106042163446546, 0.3975664870813489, 0.24773701839148998, 0.25863386372802777, 0.5119711889885366, 0.7592275366187096, 0.7845732294023037, 0.7607175962999463, 0.7629911163821816, 0.7097198285162449, 0.9103621512651443, 0.9222137123346329, 0.6872010067105293];en-ar
