Value;Language Pair
[0.828626690711826, 0.4532473135739565, 0.421833186596632, 0.49749887771904466, 0.4541683671763167, 0.6135131963063032, 0.6526549065485596, 0.7416462810710073, 0.7828216329216957, 0.7139609946869314, 0.7273564495146274, 0.7671125523746014, 0.6393385202623904];en-ru
[0.8265616796910763, 0.5340899169445038, 0.5096305251121521, 0.5773005828261375, 0.6242535524070263, 0.7026561640203, 0.7444769404828548, 0.7880641050636769, 0.8200473204255104, 0.8184708401560783, 0.8450062707066536, 0.8669375300407409, 0.7232727617025375];en-fr
[0.8035425409674645, 0.37172664813697337, 0.3325722493231297, 0.3711002841591835, 0.46639248840510844, 0.5160591416060925, 0.5292300943285226, 0.5209341786801815, 0.49521208414807916, 0.4713267456740141, 0.6156825736165047, 0.6834334675222635, 0.6507326137274504];en-hi
[0.8015600927174091, 0.36817315723747013, 0.33678285833448174, 0.42724634166806935, 0.4710102992132306, 0.48070801682770253, 0.4924844797700644, 0.4725800304673612, 0.47217316697351636, 0.47518871575593946, 0.6043275292613544, 0.6397685165517032, 0.6941063396632672];en-ar
[0.8231707721948623, 0.39976113848388195, 0.40596873462200167, 0.49068200066685674, 0.340790037997067, 0.5759251765906811, 0.7126152038574218, 0.7805738359689712, 0.7525092754513025, 0.6516508013010025, 0.7129494056105614, 0.7267036803532392, 0.6058124288450927];en-ru
[0.8690795425325633, 0.5442369528114795, 0.49840642847120764, 0.5460959827527404, 0.5845100291073322, 0.6541848558932543, 0.7126612544059754, 0.753014824539423, 0.779883086681366, 0.7630306012928486, 0.8644221007823945, 0.8686327934265137, 0.7888336509466172];en-fr
[0.7603757142089307, 0.3262888129800558, 0.3214458912611008, 0.38530805241316557, 0.3984549804124981, 0.4619385657366365, 0.49428464444354175, 0.5305175572633744, 0.5429057554589235, 0.5449084103107452, 0.631783214956522, 0.6305509507656097, 0.5743379075080156];en-hi
[0.8195888951420784, 0.3079350408166647, 0.31037205518223343, 0.3941000057384372, 0.46319651455851274, 0.5447581067681313, 0.5449663607403636, 0.5075597439426929, 0.5137707306072116, 0.5785562943667173, 0.6752139359712601, 0.6516438720747828, 0.6684964209794998];en-ar
[0.699947802349925, 0.3775556545704603, 0.3497674074955285, 0.421389701589942, 0.3191477088723332, 0.4645425271242857, 0.539861635491252, 0.6147624928504228, 0.671860109816771, 0.6657258233055472, 0.7725370215252042, 0.7975751037709415, 0.6061083534732461];en-ru
[0.6805550525896251, 0.5063860047608614, 0.44832354616373776, 0.42273071873933077, 0.5281807508319616, 0.6505366021767258, 0.7246008224785327, 0.7747360503766686, 0.8183404877781868, 0.7781085781753063, 0.8623998790979386, 0.8308354571461678, 0.7848283808678389];en-fr
[0.6692691184580326, 0.33993360474705697, 0.2731743842596188, 0.3369060410419479, 0.41109253987669947, 0.523464160785079, 0.6134930446743965, 0.6505813303403556, 0.6688542369753122, 0.6608503427356481, 0.5649476458318532, 0.5533131424337625, 0.6531519919633866];en-hi
[0.6717668835073709, 0.29294447917491195, 0.2536106847692281, 0.3522929877100978, 0.475402345135808, 0.5957983313128352, 0.6719357097521425, 0.7279934242367745, 0.7175966605544091, 0.5786301467567683, 0.5391686328686773, 0.5346299379132688, 0.6750671431422234];en-ar
[0.7107919638976454, 0.3475549444556236, 0.340700320340693, 0.4354885728098452, 0.36352850776165724, 0.5868882340379059, 0.6784146732767112, 0.8005712509155274, 0.8392260670661926, 0.7016568321734666, 0.6943383555859327, 0.7487740617245435, 0.5820308554917574];en-ru
[0.7499791644513607, 0.45309529528021814, 0.44400224313139913, 0.47290018796920774, 0.5128400148823857, 0.6592785030603409, 0.732679046690464, 0.8005100786685944, 0.7920046884566545, 0.69294144064188, 0.7746162779629231, 0.7733798682689667, 0.7232884764671326];en-fr
[0.6397125438321382, 0.27456126157194377, 0.26114758402109145, 0.3137899168767035, 0.37362291987519713, 0.43468458685092626, 0.45108093726594234, 0.3786290153861046, 0.34160571405664086, 0.318483864396535, 0.45313272420316936, 0.5635225582867861, 0.6334925797418691];en-hi
[0.6542407831177115, 0.27233271934092046, 0.2639610272366554, 0.3763882093131542, 0.43056185767054556, 0.48633175157010555, 0.5511915288865566, 0.5182106556603685, 0.47030897475779054, 0.41045747199095783, 0.4674260810017586, 0.5017852475866675, 0.6623805187642574];en-ar
[0.7299832604825497, 0.4039826594293118, 0.35954597145318984, 0.4151773309335113, 0.43227655105292795, 0.5588480263948441, 0.6072706121951341, 0.6279768083011732, 0.6697233082726598, 0.6205578535795212, 0.49581860029138625, 0.43112538792192934, 0.6107303210301325];en-ru
[0.7346305616199971, 0.46460034027695657, 0.45966837704181673, 0.5227420277893543, 0.4910801225807518, 0.6793322399258613, 0.764639937505126, 0.8242198601365089, 0.8162583217024804, 0.6995457984507084, 0.8402451545000076, 0.8384598292410373, 0.701571786403656];en-fr
[0.6585717551410198, 0.27481704158708453, 0.2729508144780993, 0.33493760172277687, 0.45241660308092835, 0.49952418422326444, 0.45836332710459826, 0.42169079284926736, 0.4215074649080634, 0.3481525834649801, 0.38278138828463854, 0.4404184050858021, 0.5802880242466927];en-hi
[0.6201271783560515, 0.2874975910410285, 0.26792735438793897, 0.3980888739228249, 0.4926365617662668, 0.5201573599129915, 0.48308188184164463, 0.45013152416795493, 0.3993319496512413, 0.3863080585375428, 0.3860685975756496, 0.3581271626055241, 0.609479720890522];en-ar
[0.8254671178758144, 0.4385780569165945, 0.4129205867880955, 0.4953937102109194, 0.3102270892821252, 0.6212736316025257, 0.7073865111917257, 0.7521264683455229, 0.7866989403963089, 0.7330481126904488, 0.850988681614399, 0.8509822070598603, 0.49934681951999665];en-ru
[0.8353223413228988, 0.6075302239507436, 0.5520653113722801, 0.5985312968492508, 0.6108808796852827, 0.7518190979957581, 0.8110214807093143, 0.8668506622314454, 0.8974111795425415, 0.845753961801529, 0.891552284359932, 0.900687301158905, 0.7919639676809311];en-fr
[0.8221875384449959, 0.43840003907680514, 0.36542627550661566, 0.4441471467260271, 0.47185591980814934, 0.49305588817223905, 0.5432909660041332, 0.5543111279606819, 0.5927523773163557, 0.579454219341278, 0.5982201248407364, 0.585467877984047, 0.6401408798992634];en-hi
[0.8434117808938026, 0.32331242337822913, 0.2807873538869899, 0.3837949036620557, 0.4628690879326314, 0.5072181716561317, 0.47593164891004563, 0.3825465679634362, 0.42373538985848425, 0.4651104731485248, 0.5647830002009868, 0.5439912600442767, 0.6260089881718158];en-ar
[0.7907146371901035, 0.38122452720999717, 0.3887346968054771, 0.46328685991466045, 0.3745887439697981, 0.51340924926335, 0.6097150273621083, 0.6711809197440743, 0.6980991853401065, 0.6474994817748666, 0.5063331492245198, 0.46820083595812323, 0.4377312674187124];en-ru
[0.8359135780483484, 0.5012371063232421, 0.4926802322268486, 0.4534660458564758, 0.5514160368591547, 0.672456331551075, 0.731655304133892, 0.7783571057021618, 0.799426294863224, 0.7273662224411964, 0.7597648812457919, 0.7935140326619148, 0.7319095253944397];en-fr
[0.7981194656342268, 0.36308297272771595, 0.32168064154684545, 0.39751067394390704, 0.4530858278274536, 0.5118213122710585, 0.5674333572387695, 0.6304432528326288, 0.6830541506409645, 0.6281436266377568, 0.658234553039074, 0.7219959184527397, 0.6430684134364129];en-hi
[0.801181504689157, 0.26483417917625046, 0.2981643758714199, 0.411972233094275, 0.4118582156486809, 0.5277933422476053, 0.5771646402776242, 0.6164481099694967, 0.6459905370138586, 0.5675724222324788, 0.6860820814967156, 0.703278049826622, 0.5856218496337533];en-ar
[0.6582925810012966, 0.4234246000181884, 0.38693793285638095, 0.41440985256340357, 0.3324789733160287, 0.5318934585899114, 0.5945408181753009, 0.7175196089781821, 0.7841587159782648, 0.7008238222450018, 0.7666673712432385, 0.8007699102163315, 0.5699818789958954];en-ru
[0.7115581126883626, 0.5405725698918105, 0.47933677975088357, 0.47100361725315454, 0.5560026332736016, 0.705832538381219, 0.7727916575968266, 0.8051552314311266, 0.8312389865517616, 0.7575497344136238, 0.8273156676441431, 0.8510293737053871, 0.8264687031507492];en-fr
[0.6217305349186063, 0.3973100036382675, 0.3063905145740137, 0.32603346118703486, 0.4117216353304684, 0.48347283955663445, 0.5515696778893471, 0.6146719868294894, 0.6475043397396802, 0.6180170889943838, 0.5528463861439377, 0.5574916599318385, 0.6450838830322028];en-hi
[0.718043603003025, 0.3087938035372645, 0.28081677928566934, 0.3782841281965375, 0.4328638612292707, 0.4798345475457609, 0.5329311020672322, 0.4843652553972788, 0.4353736282326281, 0.42993110083043573, 0.5507479120045901, 0.5800906784832478, 0.6261666250182316];en-ar
[0.7666824772953987, 0.4199727986007929, 0.42054924797266724, 0.4579513335600495, 0.39941796290222553, 0.6168057918548584, 0.6575013216584921, 0.7447121076285839, 0.7832097727805376, 0.7389715850353241, 0.7931624770164489, 0.8397619843482971, 0.7227901615202427];en-ru
[0.826652592420578, 0.5375432644039393, 0.4826555084437132, 0.5122687764465809, 0.5596194319427014, 0.7059253603219986, 0.7598655380308628, 0.7843869492411614, 0.7461238640826195, 0.7032915636897087, 0.8050202824175358, 0.8053364045917988, 0.8086491420865058];en-fr
[0.7177437857724727, 0.3806785311549902, 0.3225621280260384, 0.36304935030639174, 0.4268284196034074, 0.5701353587210178, 0.6137568816542626, 0.6081358291208744, 0.5397672838531434, 0.5096395008848049, 0.5966199386864901, 0.6631414048373699, 0.6804358033463359];en-hi
[0.7436693602241575, 0.3283974966034293, 0.27962224651128054, 0.3368079636245966, 0.42592369224876164, 0.5582145318388939, 0.6191452875733375, 0.6122737303376198, 0.5538115837611258, 0.5674668792635202, 0.6130061164498329, 0.6354652846232056, 0.7381465658545494];en-ar
[0.8570671226829291, 0.39648918695747853, 0.41701393872499465, 0.5272008640691638, 0.430604843609035, 0.5471311759203672, 0.5896104976534844, 0.6043496108613908, 0.6188993525458499, 0.5128466386115178, 0.5433996053878218, 0.5904860749840737, 0.5483213691040874];en-ru
[0.916540801525116, 0.4486223978921771, 0.47016316205263137, 0.49384100958704946, 0.5529653903096914, 0.6804802797734737, 0.741047702729702, 0.7820273041725159, 0.7766880869865418, 0.6560869622975588, 0.7142556630074978, 0.7422096133232117, 0.7444033652544022];en-fr
[0.8506674692034721, 0.32242736298940144, 0.3656230730935931, 0.4391181793063879, 0.4776692625135183, 0.549732849560678, 0.6044133555144071, 0.663382900506258, 0.6812115125358105, 0.6501005616039037, 0.7021390605717898, 0.7721808090806007, 0.6824010025709868];en-hi
[0.8461702100001276, 0.2528771746903658, 0.27644084449857476, 0.4424481436610222, 0.5061448827385903, 0.6073722556233406, 0.6532587562309345, 0.6776996213942766, 0.6714169070124626, 0.6206658033770509, 0.7649260193109513, 0.7885733559727669, 0.7262414267286659];en-ar
