Value;Language Pair
[0.0028189748783916018, 0.02462227855855112, 0.012584341747566438, 0.005678751419168307, 0.007443703635696389, 0.007886004631314036, 0.0086333853443043, 0.012056196026621172, 0.01797455137284485, 0.03252834744010526, 0.018515018755351404, 0.017160488633937786, 0.027249668141666086];en-ru
[0.00369221756282059, 0.014097159281664063, 0.005602063916283837, 0.008552346243542772, 0.014980025424847537, 0.01819849294144373, 0.02240349987208301, 0.025668633184007736, 0.02781626983839195, 0.029306768158069978, 0.034541431658605175, 0.03573027366704321, 0.05636302950297199];en-fr
[0.0036646687878601424, 0.024725532045279885, 0.0076137299781654216, 0.010127579034125714, 0.008314200819859223, 0.02508056067293471, 0.03006071814961598, 0.03433082538719332, 0.03472247598286522, 0.05196249194044243, 0.028957968741573185, 0.019026965702263657, 0.02523620455643465];en-hi
[0.0027025280516681984, 0.02706018805214019, 0.0066468216890100875, 0.009099412081006142, 0.012159923149981001, 0.031068202758592622, 0.036568094277572544, 0.040105052396757046, 0.04241947562250066, 0.06161871685865972, 0.03893063345276496, 0.024952757265480147, 0.014599411499876404];en-ar
[0.0014375912841690778, 0.019461823656274625, 0.010163061654472116, 0.004990192840265698, 0.018144673144888723, 0.03320269785042463, 0.035907156648105835, 0.03438573679986792, 0.03098612741108185, 0.05511294205049739, 0.021475807882840457, 0.008022409938348487, 0.011369086652545643];en-ru
[0.003851978032556268, 0.012166324140222659, 0.0054314990939805866, 0.006913796757658032, 0.014686133925655008, 0.00918300754227255, 0.011026809010096915, 0.010945553358578707, 0.009308356056074595, 0.018073482371498223, 0.010352330080907475, 0.015536880212432496, 0.01045789868445966];en-fr
[0.0026205745486246714, 0.02361277629527951, 0.008832015875386404, 0.012069690122461937, 0.011490081375116782, 0.02320377139620491, 0.027331189098731667, 0.029862545220673296, 0.02753418974719682, 0.026162671120073235, 0.029022989514608764, 0.042653755105553984, 0.040469681979084106];en-hi
[0.0018304603544189967, 0.025452887926561134, 0.008786199826362435, 0.008711562736183044, 0.01145168567312193, 0.03344820075912305, 0.03748260534169594, 0.03889346621166038, 0.03672425443525473, 0.04205234632560566, 0.03752315352636888, 0.04564560981495248, 0.02444361276745123];en-ar
[0.002230993546072566, 0.023089102242981108, 0.009858382075077193, 0.007464706500725992, 0.006683546893782512, 0.007990849700180262, 0.008885480504250374, 0.01140204816870246, 0.01657582778158683, 0.017042395791274062, 0.020225178592227624, 0.02459824251624699, 0.02417019733881473];en-ru
[0.004633951902784851, 0.017354411901336186, 0.0061317325161070295, 0.006543614983615956, 0.015130591637929043, 0.02225546115885941, 0.024954773786763636, 0.02579243006337752, 0.02474148737564912, 0.03252949809102574, 0.027086977119809334, 0.02620192458786337, 0.03910959959630343];en-fr
[0.00279857645473385, 0.024965957663152943, 0.0069808951014749595, 0.01250775976942956, 0.013324428631494885, 0.03175539573262563, 0.03542216800900273, 0.03670282367679678, 0.031115106377122913, 0.03935577487657898, 0.023898555461710644, 0.022664935085959678, 0.022553201296554096];en-hi
[0.0019209652224769056, 0.026572215329967237, 0.0064477815866856225, 0.012007763198221277, 0.013291470897426504, 0.022252720935292476, 0.023018764618003403, 0.0209335032517175, 0.015304268282125388, 0.023121314221801203, 0.009087664812129071, 0.0047013176852488845, 0.025164541229120263];en-ar
[0.0020159137668694428, 0.02345980173164814, 0.012267130765354751, 0.0051603046224120794, 0.01106216884378828, 0.021209021201866678, 0.026215266473142804, 0.029418208059966554, 0.03576050373497637, 0.05945313599416595, 0.04098540130022865, 0.021125896711904582, 0.02454016625415577];en-ru
[0.003692940981394109, 0.006284331593269606, 0.0055709810371761615, 0.005223451576345423, 0.008729081197877074, 0.009236316779898387, 0.011827311439022454, 0.015291849204792506, 0.01663545460678491, 0.01828156914762091, 0.029032672791557287, 0.04358434229798141, 0.058914568116839976];en-fr
[0.0037096479303121077, 0.025487365257201106, 0.011724045738209085, 0.011835531604106114, 0.012754917829867447, 0.035874094557975064, 0.04094907205029219, 0.04535876898213854, 0.04717357544019876, 0.052508687221658495, 0.04146382871282793, 0.04260737360788569, 0.031035251764660664];en-hi
[0.0021364580747103906, 0.023645801827539514, 0.01033318187964103, 0.009689692103476474, 0.01455574372363725, 0.04448010128757779, 0.050627769037237334, 0.053625267289620186, 0.05551850236349022, 0.067093667097106, 0.04959428655759744, 0.04536780717601979, 0.023509989142378986];en-ar
[0.002669081663771071, 0.02735350998718787, 0.01052763227503136, 0.005892801693350222, 0.009414376943732351, 0.016000373543681768, 0.021029579921681522, 0.026873594571164724, 0.031086329936594593, 0.04397064074989126, 0.040283354379062164, 0.040191673910339995, 0.058715960422341604];en-ru
[0.004274111419545083, 0.008228754737501714, 0.0060877880015013305, 0.005765600142073399, 0.011192467775981605, 0.006401274251781289, 0.007249002817843543, 0.008109132800018326, 0.010290396633263237, 0.010506028443524015, 0.021918191268074372, 0.03602860366845517, 0.017279170913691848];en-fr
[0.0027177889154093816, 0.025097092950575946, 0.012277033195229594, 0.015106313430464985, 0.015779102425525174, 0.040475422433170705, 0.04829077685026278, 0.05340692794563134, 0.05393537163712003, 0.06264841729231795, 0.054139965549014464, 0.062277158291423954, 0.05004318690759377];en-hi
[0.0021621745359273843, 0.025270461974529687, 0.006854349426158511, 0.012322922716255878, 0.016589676700156514, 0.04915032000638657, 0.05571014149979117, 0.05713640222641822, 0.05525619972183153, 0.06739381953290521, 0.05690528727172947, 0.06374031749455801, 0.03938433080232555];en-ar
[0.0019292088146054725, 0.018014355377817978, 0.010658388626850507, 0.004476169160814928, 0.013513239075806868, 0.025146659656851148, 0.029424308829129643, 0.031404088470238414, 0.033381585569895844, 0.047714048144007204, 0.030695576824169964, 0.03865030691692145, 0.04567007387292192];en-ru
[0.003301498247795588, 0.002107426852489876, 0.004667784949715315, 0.006042693201213002, 0.009984495703126121, 0.015356944438789141, 0.01959714335662313, 0.024306974880104158, 0.028374108155094575, 0.031950690729112, 0.04105643445533741, 0.0562520198432442, 0.060517700428074986];en-fr
[0.0031450591427225594, 0.02431700741544774, 0.00991765329850125, 0.012643230082714285, 0.015233632150981731, 0.04172882932214943, 0.047335577708327053, 0.049830490494226456, 0.04758787609249955, 0.06168191077000908, 0.039545864605437395, 0.024269500474414722, 0.023997229655349013];en-hi
[0.0021113721133588156, 0.019181684453784948, 0.005606092568398448, 0.010117875235452344, 0.012926027706786662, 0.03165456322833511, 0.037029748190191974, 0.03989066014290389, 0.04199917303097526, 0.05672366222679549, 0.04008901904865867, 0.023563445908440176, 0.010658361292796405];en-ar
[0.0037696014895118443, 0.01642294373959885, 0.008698535830889875, 0.005726304562608659, 0.008393596943490915, 0.019502393188228568, 0.023086632413833304, 0.02776833939624313, 0.034533067806356815, 0.04181164206978187, 0.031921183271454504, 0.03645115218647893, 0.02575575235866061];en-ru
[0.005343540789363036, 0.0025811964693275417, 0.005802696643085411, 0.00814642719724363, 0.009112065417351337, 0.0060494166098730325, 0.006279143246683756, 0.006410885140424764, 0.009256389514545651, 0.013656350859067074, 0.008073691530808093, 0.011894103437892671, 0.049630826080464985];en-fr
[0.0045091477932752855, 0.016681542346729333, 0.0070791656876778505, 0.010678268976319783, 0.010318516741608554, 0.04724259785830324, 0.053425662718533745, 0.05890501227460516, 0.06132160937307442, 0.07801817332425917, 0.05649399040388137, 0.06040500845592792, 0.03956575296263829];en-hi
[0.0024451041560193208, 0.015337517551415644, 0.004609465454344759, 0.009047014497953879, 0.013896271936361386, 0.0483452628902342, 0.053670807195582405, 0.0561733071968013, 0.058375456880457505, 0.0772708668244377, 0.053475286448640746, 0.04621344870023027, 0.024867181227697422];en-ar
[0.0024696669355762433, 0.020849105881461574, 0.01172526409601982, 0.005619909070492221, 0.008312674539744573, 0.01245813332072529, 0.014275943272059697, 0.013886686274782, 0.015643707763289837, 0.022516431806192005, 0.024341805505537224, 0.02002616224308455, 0.025248833174313264];en-ru
[0.0034030957652551796, 0.01668816001650459, 0.006817820236605609, 0.006119052914535432, 0.011264439881051658, 0.016770015422069157, 0.020754001342083935, 0.024958859379815627, 0.026143632275791997, 0.034750362865452064, 0.03577732559545725, 0.052834874468014006, 0.05972003384971093];en-fr
[0.0035605921804138566, 0.021700741382604357, 0.009855576395487252, 0.012700602795590998, 0.010513160619727143, 0.03646193186774574, 0.04433225055169426, 0.05132295441590031, 0.05581117608835497, 0.06773074437569448, 0.05069745781632569, 0.0441327566523492, 0.03594910682822955];en-hi
[0.0021419636340093947, 0.020813572698352815, 0.006375043199892617, 0.011955536541192205, 0.017165714090515434, 0.0442254997268532, 0.05185744646156933, 0.05599556092012491, 0.058607904411019436, 0.07230129937779564, 0.05380713819443682, 0.045625252057773805, 0.023549845767289756];en-ar
[0.002621625188354907, 0.026690059358043056, 0.013293609959833926, 0.006084929825988193, 0.011713839074339675, 0.019159738391083023, 0.022478132246124275, 0.024299555562326443, 0.019017900951379105, 0.028298132614205905, 0.012456803761233613, 0.013031211050050454, 0.025099466977856803];en-ru
[0.00455881986799795, 0.016992683098033014, 0.0064759470328309525, 0.0072557191693401095, 0.011544438866349128, 0.005101254924265178, 0.005172813839332509, 0.0057649787687904155, 0.01181690430582139, 0.01081958009708615, 0.023613271306021307, 0.03784433478582852, 0.016885426129738278];en-fr
[0.002483716910925675, 0.0224346544296471, 0.011017302479168246, 0.013171037155734668, 0.012654759351547314, 0.02811645184393681, 0.03278078405558822, 0.03417499197262274, 0.03441976132398879, 0.04193482333551679, 0.03566519513782009, 0.04184634510784195, 0.023879724550897527];en-hi
[0.002122882018617627, 0.02817120652598531, 0.011066314902501517, 0.010980420425388136, 0.015953264527615856, 0.043143673232448984, 0.04651895275073911, 0.04598535314057706, 0.0453959095972703, 0.0526157350372157, 0.05291303633627372, 0.06520635102194061, 0.024770094621090363];en-ar
[0.0017801619853344192, 0.019875179906800135, 0.01055924473020535, 0.005026079316394345, 0.009776744523636163, 0.00808175633477876, 0.009993802257849854, 0.010563874593132447, 0.010592019323363702, 0.011407638054091332, 0.01022857630341559, 0.021693402474738076, 0.033710309139677784];en-ru
[0.0045640688296164945, 0.006556366802396931, 0.005357613345952936, 0.007550617079194415, 0.012804297086161886, 0.006337966506968454, 0.009253288683854954, 0.012431094191970235, 0.01441431259772798, 0.018009610162698496, 0.017925577620675023, 0.012943340622951133, 0.029708554908574714];en-fr
[0.002868857878759931, 0.021998951748598, 0.01174359119518725, 0.013664067075327116, 0.014532511931065549, 0.039995850460597254, 0.04364743183650724, 0.043405243028913375, 0.03673540439837496, 0.05166860926498594, 0.029221644415277834, 0.021870077113272216, 0.011306777769096226];en-hi
[0.001959876982376351, 0.023609361748155283, 0.008237569172740664, 0.009739247915589076, 0.009915248163573167, 0.028211551982470516, 0.031921106228340636, 0.033500255155968356, 0.0338689576241148, 0.04984550892835024, 0.031014596530076426, 0.02366211878137063, 0.01106085778828881];en-ar
