Value;Language Pair
[0.00352232947249528, 0.019541957893792046, 0.009169056366608436, 0.005816526403191354, 0.015531649514893324, 0.010545015080053139, 0.009890730308022023, 0.008076573190525502, 0.010936012816879797, 0.009947526646404404, 0.01897430471823728, 0.023821323852220185, 0.02181376748321799];en-ru
[0.00652209115723963, 0.01274604116727765, 0.0066859807924172275, 0.010477229081827012, 0.01485715658221427, 0.009656851787997288, 0.012170099226507941, 0.014975421310282202, 0.013863343378276518, 0.01820007228167622, 0.021186637656500855, 0.029319183204036457, 0.02467900298979643];en-fr
[0.005878111939273366, 0.022445204945021616, 0.008082089955377347, 0.008450219993339189, 0.010161606388313305, 0.028198968664931507, 0.0291072779746779, 0.026967869770260177, 0.024361240434397267, 0.02880564111049657, 0.014918602618248388, 0.01584765522839051, 0.017768078756429065];en-hi
[0.003953874411672589, 0.020035722465581815, 0.013640235986075087, 0.007958060846067375, 0.013915567465392104, 0.02934287894395301, 0.028942970338478775, 0.026192077043985303, 0.02329713174055241, 0.03104572092585526, 0.02192763194883228, 0.026112556091236194, 0.01255303431583664];en-ar
[0.003089764771417931, 0.02045318962342814, 0.008481616759214512, 0.005921373342819909, 0.01577861700898211, 0.01295775814387909, 0.01253368895607616, 0.011305476528741597, 0.007862269165586135, 0.014253785040818846, 0.02119239221465228, 0.03544020775443606, 0.030687745119091177];en-ru
[0.00763972839552783, 0.013305078880209001, 0.006517796210670499, 0.010833202347854853, 0.01499926793373256, 0.00962518742596033, 0.011775273039469004, 0.015178016694214284, 0.015671385802306925, 0.0224859831222904, 0.023902320540825715, 0.03138908853209973, 0.01730544227739277];en-fr
[0.005406692755908203, 0.02183055270852493, 0.0067358687110988455, 0.008125490816420706, 0.00753397775879419, 0.027999345543844412, 0.03173033849391994, 0.03249447124417208, 0.03285845671255946, 0.03501675049131628, 0.032954016795944605, 0.04294927426435595, 0.03454806270134822];en-hi
[0.0035689282205567012, 0.022348361118990114, 0.012854080208000747, 0.007652793967895378, 0.015521928149034189, 0.03841893841627869, 0.03961175384799101, 0.038344279126552916, 0.0376026669700576, 0.04595428675293088, 0.0410231942741424, 0.052154768256392814, 0.03162790839778622];en-ar
[0.0038830664245930787, 0.015414945654144198, 0.008579311999118515, 0.005944481915495721, 0.014963334934782328, 0.019092698715337593, 0.02095148379703462, 0.019182974945124432, 0.016621469333828506, 0.02506553417357885, 0.012237399553729706, 0.013479502198788351, 0.017052699519808964];en-ru
[0.00996094568672561, 0.015772251327446918, 0.007454557164859916, 0.013915080871932618, 0.01835622239905209, 0.008637252006421367, 0.011966063757730388, 0.01434742288323257, 0.013978519128917278, 0.015251127984447485, 0.02251318013198545, 0.03206740479369455, 0.024454073858093273];en-fr
[0.006205857111732866, 0.01714727813014178, 0.006485933402568853, 0.007665142074953714, 0.006918513419016876, 0.014409777569585436, 0.013921450515651228, 0.011241432108196682, 0.006700554385436881, 0.010784015844607562, 0.0043418068050718045, 0.009170097648044787, 0.014646901195313516];en-hi
[0.004672951033595989, 0.01649946913469954, 0.011957996723235931, 0.008246090674181993, 0.015108941406955057, 0.022819170865121394, 0.019562900298296906, 0.014814021448667884, 0.008955639589900592, 0.016166708194214164, 0.006130180769347824, 0.004724207290382702, 0.016663296151030668];en-ar
[0.003357469525568979, 0.020981726114284047, 0.008581188012219347, 0.006336031371559647, 0.01752184354139295, 0.021355739155952368, 0.023197833023490003, 0.021840405572826696, 0.01853512023626543, 0.030013208180025702, 0.015788459821123747, 0.01537483859149987, 0.010368067520175802];en-ru
[0.007679850191258693, 0.014036995258538805, 0.007535611026933963, 0.01185932081822709, 0.016666258091117925, 0.008242671703741586, 0.010845068924512147, 0.012962106453111605, 0.013326124443998678, 0.017237029793917235, 0.02150942910484403, 0.030664985483114242, 0.022548543171372566];en-fr
[0.00564337073046773, 0.021816347521538167, 0.00704401903009236, 0.008186533917955787, 0.008845030663875795, 0.027747912067881384, 0.029369810291003204, 0.02832904965221126, 0.025596841554943284, 0.03136775689047987, 0.01619605415580757, 0.016689908720643166, 0.018404830043194785];en-hi
[0.004224824096369657, 0.020900524567393122, 0.011042241760151708, 0.008112031855474315, 0.014393325742791306, 0.03241023420544016, 0.032457084413908786, 0.03014384586943674, 0.026915783886367194, 0.035229044390143856, 0.021646535489344625, 0.025223980195127137, 0.013508506712605766];en-ar
[0.0026531765569113063, 0.021403743956398096, 0.008260189720336557, 0.00678169698452015, 0.018551600927457924, 0.0329391358473459, 0.03641511074771794, 0.03758440707912688, 0.03466755080004677, 0.04665858140870108, 0.03396955406569742, 0.03946027813150606, 0.02328009259629943];en-ru
[0.005948251918380268, 0.014131239813165553, 0.007186412512534917, 0.010846192087372704, 0.014490449903920875, 0.008916685251279113, 0.008880177200020128, 0.008124663877637004, 0.004899503459334436, 0.007130295694757152, 0.004362314406292391, 0.008785623176542405, 0.021034974852591527];en-fr
[0.0033857377740787366, 0.021293203591327872, 0.007042515907906725, 0.008146084128028032, 0.008004003270283104, 0.020542592381874208, 0.02435175162669725, 0.02502787964411573, 0.025243252212476613, 0.031801070433175614, 0.020784779935760382, 0.021823337127292945, 0.017181011652974185];en-hi
[0.003111200525139189, 0.024329792909581274, 0.01206947477395204, 0.008243175116732972, 0.013237737894299582, 0.02454324793221389, 0.025701119240390456, 0.02457035414392237, 0.02379289971874362, 0.032697268554390375, 0.02374854773503757, 0.0269188793738682, 0.02165787456263714];en-ar
[0.0037328434197964593, 0.02065642010281104, 0.009218694173319383, 0.005401571974190729, 0.019715833947733123, 0.027102058085404307, 0.028146154505733115, 0.025057421295150747, 0.017990044376104873, 0.03146125470072243, 0.009933272355071316, 0.011026944795412405, 0.01631164489402487];en-ru
[0.007841291047710312, 0.015715947426178902, 0.006914460402732912, 0.011328885663889803, 0.018195511406065647, 0.012811711851247699, 0.01431600152063757, 0.014232426305230859, 0.01126743956222789, 0.011105279916894974, 0.017988705336635102, 0.02697036355233009, 0.026650985500176104];en-fr
[0.005398177228198618, 0.021157916762119082, 0.007427468752683324, 0.009666349597622097, 0.009670102144991765, 0.02892932183235656, 0.030668836033692175, 0.029737189179483633, 0.028562487162101892, 0.036111571252816554, 0.02201484029161933, 0.022926762840264868, 0.008052155405676237];en-hi
[0.003755679253966568, 0.02071723200588169, 0.011245138321232183, 0.009605771618112168, 0.013522635550149731, 0.027685090971370688, 0.028001706855502646, 0.026551726643174536, 0.025978944760997415, 0.03557562195898442, 0.028319545869332642, 0.0313738324657611, 0.009525564641687204];en-ar
[0.0026640334470357627, 0.017549853314812926, 0.008920161336004278, 0.0058126749765354735, 0.013066971436577084, 0.016836378255326623, 0.01793484787785922, 0.016508424260276412, 0.012981114138923033, 0.01949971894500773, 0.014876900723053503, 0.01885922180820945, 0.012891899516398528];en-ru
[0.007977349904043272, 0.014250221101125747, 0.0070287927253120126, 0.012809632320348395, 0.014792596435563634, 0.005260723726629297, 0.005390180981703613, 0.005681081345149843, 0.005966789561140981, 0.009710798898474152, 0.005406232195915992, 0.009911308971641063, 0.015535345780396273];en-fr
[0.0040544852129339014, 0.01955098529664004, 0.006991516477312026, 0.00739776308181112, 0.008398583672260361, 0.024861787334877233, 0.02821580667562857, 0.028386415241842183, 0.0267279257962401, 0.03257584916069986, 0.018465366814053048, 0.021530333259944023, 0.022907781718155877];en-hi
[0.003609069704543802, 0.020515000371597134, 0.010843558959863124, 0.007334685319998858, 0.015005778776109467, 0.03386133721088908, 0.034578485336836315, 0.03294547485799451, 0.03061292788982752, 0.04261554696349779, 0.02443361253123571, 0.02658743992027135, 0.022672621759436146];en-ar
[0.004947511910359028, 0.017882835287552253, 0.006924664459257701, 0.007317848711515279, 0.016788904504483095, 0.011645252299812489, 0.014213996718171952, 0.013273396043329557, 0.009623252680376275, 0.010268160592871424, 0.01570322839555393, 0.023323595004634767, 0.01826944406257113];en-ru
[0.00855780003287995, 0.013214364532116945, 0.006692995538481716, 0.01240892453236787, 0.01660643119306165, 0.005051220218168393, 0.004914332570115237, 0.0045722746444880865, 0.0049171672445482584, 0.0067134895092750314, 0.004354172950600914, 0.00830982597738831, 0.02112365163338828];en-fr
[0.0064702155848863265, 0.020533161872966336, 0.007197302001785027, 0.007823927910976636, 0.010143115944720234, 0.026422186121362736, 0.025034671830811345, 0.020984032892207974, 0.015948544949211968, 0.022497768379313776, 0.0035878173155652338, 0.009358703143758952, 0.010281384104019051];en-hi
[0.00489400750157074, 0.017659532489536424, 0.009469067514750885, 0.007058032687215637, 0.011141247327699, 0.023906537134636585, 0.021372723584318035, 0.017521754008157645, 0.013417815124830677, 0.022572894187457455, 0.00671145026268879, 0.0050435311542969775, 0.01757407164216901];en-ar
[0.004167860635304044, 0.02003901945275477, 0.007481015664618925, 0.0058578283548285865, 0.01182240196867495, 0.009014975321001002, 0.00938418481503821, 0.00821144161224488, 0.005826730122650664, 0.011956893358425737, 0.007658437999513724, 0.013116459810347673, 0.009332997218371164];en-ru
[0.008960343006280406, 0.01689836261496869, 0.007531653225347176, 0.01324316234604341, 0.016813556631071466, 0.00508203427545294, 0.005310967637221163, 0.005390481722497447, 0.005278822971558835, 0.006947629572823615, 0.005933199894085766, 0.011451821428454453, 0.0243784395590409];en-fr
[0.0058551564391261055, 0.018435094699695273, 0.0058013562402895935, 0.008777634064934616, 0.00946711491184636, 0.0327945249471593, 0.03471692490553931, 0.03305727949918965, 0.02858577000867352, 0.03477245460495999, 0.019951833507972982, 0.022416545785563798, 0.009251280302002608];en-hi
[0.0042967891838391874, 0.02136683288578449, 0.013672915358627814, 0.00909488826295423, 0.016849909051325107, 0.0386434097552411, 0.03820767585827224, 0.03474759749610733, 0.02947457922667461, 0.03766448035300219, 0.026174161747258437, 0.030576538002485196, 0.011508211622034109];en-ar
[0.0044916045545202645, 0.01780427580542891, 0.007094419320109551, 0.006934772023024996, 0.015123034613285846, 0.016919625146295046, 0.01874628527669613, 0.018869077467752612, 0.018313644096300347, 0.027994633940155098, 0.014037152952611522, 0.016068893819465243, 0.019142455284478922];en-ru
[0.00934806049972395, 0.014036369664609083, 0.006961448995980393, 0.013899335864001225, 0.019136546613935997, 0.012388861434537123, 0.0149170775062279, 0.01714308127126659, 0.015365259533549076, 0.01831524682068753, 0.024320924754283352, 0.03347142966831572, 0.024459652870852167];en-fr
[0.0054899015434178525, 0.020851337206598437, 0.006971537354410383, 0.008090777106910257, 0.009233972997056607, 0.021924344110304105, 0.022399122366914458, 0.020332138541228582, 0.017004143528568855, 0.017545028586634176, 0.012727440865637757, 0.01582278759221244, 0.013865790565008489];en-hi
[0.004347958995034183, 0.0175969966216144, 0.013156208457980738, 0.008644541065306537, 0.014982663099302351, 0.029434043048058724, 0.02826326776236468, 0.024933366130365613, 0.021109938586717662, 0.027519945528668648, 0.020002535656021954, 0.022591184175023215, 0.012871229265571849];en-ar
