Value;Language Pair
[0.0008227615207943022, 0.032401569949312634, 0.012077663571516465, 0.007560297392683426, 0.007012378167170654, 0.009822442004379886, 0.012353943188524619, 0.015172944541306639, 0.02072105939517651, 0.02549154167287887, 0.028175594202912463, 0.03714279010031005, 0.02217539135168932];en-ru
[0.0016130937844839846, 0.025781090789981448, 0.006707519162679901, 0.0067467275591828425, 0.008099868052007294, 0.015452626875818113, 0.015211724416682863, 0.01424410594239239, 0.01730048855849147, 0.017167280982600154, 0.021759050325757714, 0.029729052750130228, 0.0191755682873303];en-fr
[0.001354478091464749, 0.03144032896719484, 0.009749549829187265, 0.010990306508968706, 0.007757500339115122, 0.027728338494917945, 0.034046949945817355, 0.03877090708607919, 0.04130856962601717, 0.04479236865900029, 0.05019433368167226, 0.07648912787420598, 0.0883585341240169];en-hi
[0.000943502327815319, 0.04131394451881836, 0.010297657750480475, 0.014800831399763119, 0.017088102996452446, 0.04486115504040553, 0.052466576902649636, 0.05874284786656719, 0.06106468500750821, 0.06889791728147743, 0.06974280992362844, 0.08895151200455845, 0.08028091136020495];en-ar
[0.0006971081035468763, 0.02946852505398662, 0.01044106376257379, 0.007482955504769968, 0.007321449310165916, 0.026205453291381457, 0.025071181293575925, 0.0240970671232695, 0.02452845855195871, 0.029953333172124993, 0.034201163574956533, 0.06367613365249204, 0.06519246186041164];en-ru
[0.0015631388281083984, 0.010680267439844711, 0.005017521482695501, 0.00516360884347098, 0.006649561971213791, 0.007994706549198718, 0.006648840194702526, 0.004662711219861813, 0.009928745769805538, 0.012341527752929802, 0.011855172861396328, 0.012364557159889746, 0.013714518039585013];en-fr
[0.0013792181362077827, 0.03871975349793501, 0.008537617892494602, 0.010013599312916704, 0.019180715121728982, 0.08938225186191001, 0.09720499054443901, 0.10546199621549043, 0.10901605101680642, 0.1285823867746634, 0.12217614268580919, 0.15711184283524487, 0.16514187859708315];en-hi
[0.00085830801526754, 0.03750534245579425, 0.008048082534202198, 0.013945788384103274, 0.020867013479740612, 0.06570495445912283, 0.07036318958641175, 0.07474216422776153, 0.0739068129635604, 0.08416429862081728, 0.08405383343815694, 0.11512191043366424, 0.11227117033255635];en-ar
[0.0008258513234977724, 0.019305913220705406, 0.010226897293033239, 0.004523129765963562, 0.008680269204069224, 0.015614790245919751, 0.014895101178323633, 0.014378842298356202, 0.01795958478896869, 0.021819817162092074, 0.0310424209551761, 0.05805317061664683, 0.04372216440866985];en-ru
[0.0016645998067663951, 0.010087841909262357, 0.00354114805715918, 0.004960394363282231, 0.008130783132886227, 0.012371891359340427, 0.011798263092532712, 0.009495655462433262, 0.007212551203429158, 0.01368165082712951, 0.011384734447226132, 0.02456654641907116, 0.01418120799886832];en-fr
[0.0013273840756179785, 0.021900915354732813, 0.00830042022119719, 0.006355629662668142, 0.008308396329054297, 0.05424602775930425, 0.06217514625095656, 0.07280291036859136, 0.0851716779595943, 0.10009817969760967, 0.10382987305068468, 0.14960733491201073, 0.1619576802839815];en-hi
[0.0011172354026105788, 0.03490061919734823, 0.007997440071225522, 0.011007869515568345, 0.010374654865427147, 0.04880344172265164, 0.05454130842208552, 0.06034476049177721, 0.06448318709344707, 0.07930284326212132, 0.07381687977006893, 0.09805772110115332, 0.07790306503466082];en-ar
[0.0009760399171379211, 0.02568602577205941, 0.011747244981669295, 0.005992690734865396, 0.006469311371286769, 0.023654324191228322, 0.03099059688256612, 0.037801693061586206, 0.04984254619748762, 0.055450102405969336, 0.062438183732835065, 0.08015105738977532, 0.08154264570857742];en-ru
[0.0021930070769182433, 0.020817846852636046, 0.005702338497214523, 0.0054640446094178135, 0.007687314932597199, 0.02318420533187874, 0.026844518388710194, 0.030770220664878258, 0.03625102628551197, 0.04362369225230689, 0.0378183491251552, 0.059232492061043654, 0.052821603713709];en-fr
[0.0014983071963797561, 0.034718641926580536, 0.00940379887328313, 0.011373613285566842, 0.013092646537067352, 0.06767158197803574, 0.0816730668987477, 0.09596839035836353, 0.11050246040586009, 0.13071222889169193, 0.12242191713994559, 0.1469551408998696, 0.164930477016665];en-hi
[0.0010428907751096033, 0.03611481205989548, 0.009990171369933404, 0.012835920944818707, 0.017493124216343945, 0.07863236621524772, 0.09354501571588153, 0.1078299704130743, 0.12341921088088154, 0.14396796506401494, 0.13915400685776522, 0.17067213463075664, 0.14267921886742702];en-ar
[0.0014091889093833729, 0.01906970704252066, 0.008620650182496574, 0.005549821812996937, 0.007765323489214473, 0.011659505246594381, 0.011506115726479013, 0.014106053802667193, 0.01653699679694285, 0.020537147812016827, 0.020747850606858, 0.04144865354580057, 0.03220279018029677];en-ru
[0.0018430437466425552, 0.008627123903109652, 0.004962567872775039, 0.004698295041377308, 0.006682098246013389, 0.006558740027674087, 0.0076786827643446146, 0.007730211643077528, 0.008121693110569728, 0.01243087514370328, 0.009779968006598859, 0.019995976339607705, 0.01816767236153655];en-fr
[0.0022918373186864007, 0.024437045162873504, 0.006513352959336779, 0.008568084393270212, 0.00935211865459377, 0.03711488698835411, 0.042043775260572194, 0.048740823183470824, 0.049384434190354626, 0.055028054835687276, 0.06508146561245698, 0.1074046873288663, 0.11643108830940085];en-hi
[0.0012707683004312747, 0.030481815753652598, 0.00823960675312304, 0.013263557266615576, 0.014234142105366696, 0.03580634646555529, 0.04150037156426463, 0.0466681325119077, 0.04475150793562883, 0.051818438050941204, 0.04882849571392146, 0.06483665555612565, 0.057548901106990624];en-ar
[0.0009160325438642761, 0.026483710334226397, 0.01059482170337845, 0.00754593671323014, 0.007413376569669148, 0.024473305859883644, 0.02780993484869533, 0.029754710801414064, 0.037618644310866194, 0.046130146513375235, 0.049706002540552005, 0.05857194176236021, 0.05010647677099682];en-ru
[0.002115755199398944, 0.016507757915011714, 0.004194650086471553, 0.005519418866644338, 0.009979345957951136, 0.024953683057348765, 0.024672733370274296, 0.02559820851080694, 0.028602884384569514, 0.03431962504849545, 0.040920372882222715, 0.06075413528063428, 0.04755788382759938];en-fr
[0.0014341521751096813, 0.026706005581278672, 0.007823493555880143, 0.009942553760523287, 0.01342249560839271, 0.06296445506867698, 0.0727317909510326, 0.08437294401568002, 0.0934904226847117, 0.10044928059287478, 0.1169822522453619, 0.1675291416939827, 0.18498706970864637];en-hi
[0.000948642505378908, 0.042211046292201584, 0.011848822368859637, 0.015624463237979115, 0.01863441280174814, 0.06752601804932049, 0.07322346783557843, 0.07663145141687039, 0.07718257354187452, 0.0918544195306823, 0.08599907256708965, 0.1029555187951097, 0.08960762798639331];en-ar
[0.001441169843080087, 0.02790892988893271, 0.012267457211253219, 0.006090761188503783, 0.006757153791750233, 0.04800930720019444, 0.06082446887818796, 0.07550839678773075, 0.09699577604454504, 0.10996668637720497, 0.12558971182807063, 0.16725724411971982, 0.16322776435899833];en-ru
[0.0023433679384955515, 0.03411962254328198, 0.006284960894403007, 0.007122586650204245, 0.009335885819837141, 0.0400857690052705, 0.04779834239492034, 0.05419071228510187, 0.06889179806560905, 0.07529074588189065, 0.07893726672846263, 0.10911591722148539, 0.08247757408692655];en-fr
[0.0014293615444330512, 0.03703406727987992, 0.00889196080387363, 0.010052863778287267, 0.013634800108987606, 0.0746912761714349, 0.09301205344157429, 0.1108503997427158, 0.12994926535235868, 0.14823974050923425, 0.1567611951074171, 0.2125619050283309, 0.23014446236168867];en-hi
[0.0014972240785937187, 0.04282851768348338, 0.008561806297330096, 0.013388551112552728, 0.017544378728416618, 0.0725108167008901, 0.08713134139470667, 0.10030990121082768, 0.11322066638328306, 0.12938397989255462, 0.1347708189832099, 0.18288717975507693, 0.1600095503278978];en-ar
[0.0009932566885254364, 0.030184511580894947, 0.010026057932851037, 0.006230926090135347, 0.010434032608312306, 0.019650471392243744, 0.024568621570749245, 0.032006541640446085, 0.04298873595140976, 0.046532022682125196, 0.0579884164339699, 0.090659865484607, 0.09959148223236552];en-ru
[0.0018295557777188742, 0.015037227749295789, 0.004870318572871693, 0.0045522835395862046, 0.009064546087696086, 0.03134055745421817, 0.03282609895571432, 0.03687083656377593, 0.046729898523972274, 0.05552731915328578, 0.06324598765701583, 0.08346415289912856, 0.07105029605706159];en-fr
[0.001299316260034783, 0.04265183002989943, 0.012132936636068792, 0.011755646058039334, 0.011641297675699545, 0.057526412292277, 0.06606924984365253, 0.07693026788368466, 0.08389686723482309, 0.09350890596409336, 0.10203751355657066, 0.14010568100572313, 0.14955988457337877];en-hi
[0.0009099358234379907, 0.044057622333881837, 0.012317286245813843, 0.012890594305523962, 0.014515792047829264, 0.05505428761244867, 0.06273430854271313, 0.07090393121216079, 0.07965836222113823, 0.09154001046990742, 0.10313229975327051, 0.1286666674854749, 0.10818491334521216];en-ar
[0.001307268958225906, 0.013140397381054431, 0.008061878675668287, 0.005789552067585652, 0.008293008456106112, 0.008901749089083508, 0.0075527618351164715, 0.0049726764656649065, 0.003491561669792027, 0.0071839113184979046, 0.007646446191453113, 0.017088431986424457, 0.017745844449017802];en-ru
[0.0036356696144745604, 0.003953205225601176, 0.00469907896607159, 0.005523041422831439, 0.013125797146737268, 0.019222158761219015, 0.022517201524290854, 0.0236658531543675, 0.023696999581715946, 0.02809338980581128, 0.019232070568735226, 0.013030552088335668, 0.015183064300799682];en-fr
[0.002032572404641543, 0.022466239001429734, 0.006441152170289873, 0.01068171008550204, 0.006934396553666945, 0.014666318494020527, 0.016609004055074778, 0.018882210271355462, 0.018161245410677394, 0.016816175914512614, 0.018667375516694472, 0.043419081459736206, 0.07197587472140482];en-hi
[0.001094170917895098, 0.03142133037769479, 0.0077009819741713885, 0.012606478883056615, 0.012042143980640152, 0.021169663215990453, 0.021462253649163807, 0.019721993686774478, 0.015766797667553463, 0.024674372079789453, 0.011134325000603074, 0.00645089356852006, 0.014174764678440026];en-ar
[0.0011014139801773133, 0.024297973740006737, 0.009940057867147552, 0.006927145937553808, 0.007728079632609772, 0.012720468199988028, 0.01659775929368461, 0.01806134576945629, 0.02699793449043377, 0.030711187111228347, 0.03840576293623599, 0.03593173717363293, 0.044785874674319645];en-ru
[0.0023970749162496477, 0.014750698204807115, 0.003926010559697105, 0.0053499104333696, 0.01116383582157138, 0.021127212859376632, 0.02301505681807616, 0.02689367881102964, 0.0303895808562329, 0.037762456672013806, 0.03319079280554421, 0.04031092862921158, 0.044794031895738204];en-fr
[0.0017184912250134711, 0.031347418272465184, 0.009445706365177865, 0.009576670801410133, 0.011685107427153221, 0.06362373196360911, 0.07356828965694162, 0.08460060877932868, 0.0948297101167559, 0.11196010502687065, 0.10876312122575982, 0.12705331146316998, 0.15187004864662082];en-hi
[0.0010202193033668038, 0.032416967157102294, 0.007882283032517992, 0.013030437143023259, 0.01777461181733697, 0.05976085030629305, 0.06708507236859707, 0.07264802159279551, 0.07757669507764228, 0.09497942898372752, 0.09204633321193546, 0.1066868820259224, 0.08894920244438298];en-ar
