Value;Language Pair
[0.2778799284994602, 0.32177754446864126, 0.376508142799139, 0.4312334243953228, 0.4776540848612785, 0.5295696565508843, 0.5866070479154587, 0.6011910420656205, 0.6005357426404953, 0.5960827136039734, 0.5921857461892068, 0.6091993314027786, 0.6344879740104079];en-ru
[0.4021904170513153, 0.44082744777202604, 0.485265873670578, 0.5373855262994767, 0.5748684656620026, 0.6161990982294082, 0.6714844810962677, 0.6915318560600281, 0.6828976255655289, 0.6793399274349212, 0.6753883392736316, 0.6836261367797851, 0.7085892824456096];en-fr
[0.17292439341545104, 0.2035811822861433, 0.24184636384248734, 0.2928051161766052, 0.3322081553936005, 0.3818650358915329, 0.4509560672938824, 0.46792357206344604, 0.46148778416216374, 0.45390482068061827, 0.4479732507094741, 0.46141885600984095, 0.468207889162004];en-hi
[0.23813883926719426, 0.2713254396617413, 0.3133092059195042, 0.3733719852566719, 0.4276181015372276, 0.4859922087192535, 0.555269200205803, 0.5753098547458648, 0.5685675477981568, 0.5614864814281464, 0.5529100504796952, 0.5688992678001523, 0.6047249033302069];en-ar
[0.29046680718660356, 0.3468639972805977, 0.3937249007821083, 0.46063623279333116, 0.5073239815235138, 0.5607603502273559, 0.6251716458797455, 0.6413738602399826, 0.6549560090899468, 0.6442773912101984, 0.6406303197145462, 0.6511167126707733, 0.683732191324234];en-ru
[0.41861209362745283, 0.4609952664375305, 0.49440479576587676, 0.5506526559591294, 0.591515046954155, 0.6385849916934967, 0.6883412098884583, 0.7088146072626114, 0.7251660335063934, 0.7255337303876876, 0.7135353258252144, 0.701624536588788, 0.7109849777910858];en-fr
[0.1800389320589602, 0.21843684368301183, 0.25226190969347956, 0.30913688499480485, 0.35434443965554235, 0.3978883834928274, 0.4659419395029545, 0.4903608965873718, 0.49797902509570124, 0.4859536546934396, 0.4646249232441187, 0.4668931130319834, 0.46313751393929126];en-hi
[0.2419648952037096, 0.28036710768938067, 0.31749490931630137, 0.38278979539871216, 0.4410169839859009, 0.5033533525466919, 0.5690192404389381, 0.5912095049023628, 0.6192699667811393, 0.6194443048536777, 0.6138889642059803, 0.6293224689364433, 0.6631023070216179];en-ar
[0.2679639706760645, 0.31165257409214975, 0.3643642564117908, 0.4267784717679024, 0.47791172444820407, 0.5349481755495071, 0.6005971163511277, 0.6185853195190429, 0.6298367217183113, 0.6308649736642837, 0.6241490767896175, 0.6352195102721453, 0.6541838835924864];en-ru
[0.37676378175616265, 0.4148645305633545, 0.45576475977897646, 0.5109436413645745, 0.5546352806687355, 0.6006651675701141, 0.6566590350866318, 0.6762640714645386, 0.6890876233577728, 0.6916632109880447, 0.6855189606547356, 0.6800233446061611, 0.6858043034374713];en-fr
[0.16187666703015566, 0.1878426441550255, 0.2245425997674465, 0.27281191961839796, 0.31627965725958346, 0.36545213252305986, 0.42821997493505476, 0.44873001784086225, 0.4360358643531799, 0.414757783561945, 0.3942357896082103, 0.42936850655823944, 0.4703573430329561];en-hi
[0.2226077723549679, 0.24543536268174648, 0.2849276749789715, 0.34127737432718275, 0.3891421830654144, 0.44776762276887894, 0.5122677981853485, 0.5355739879608155, 0.5452277719974518, 0.5440907946666994, 0.5461607214435935, 0.5626804130151868, 0.5979592153336852];en-ar
[0.29259204864501953, 0.3483209890127182, 0.3998124927282333, 0.46355169534683227, 0.5134184888005257, 0.5647470146417618, 0.6238682115077973, 0.6402792748808861, 0.6442775914818049, 0.6448395775258541, 0.6419795687496662, 0.6646491406857967, 0.7033851245045661];en-ru
[0.38577541649341585, 0.4322352483868599, 0.4781733196973801, 0.5395370680093765, 0.5815546697378159, 0.626688152551651, 0.6780738013982773, 0.6919027680158615, 0.6983158457279205, 0.6976729613542557, 0.6910746294260025, 0.6855042490363121, 0.6922224023938179];en-fr
[0.16787421103566885, 0.2026029504323378, 0.24147732133045793, 0.29820292178541424, 0.34291056528687475, 0.3921003119647503, 0.4577838735282421, 0.478598051071167, 0.47820451587438584, 0.4615731093287468, 0.4357317776978016, 0.431312906332314, 0.4457199716195464];en-hi
[0.24156687018461526, 0.2837968250364065, 0.3175223093479872, 0.3711737510561943, 0.4287144801020622, 0.48149731278419494, 0.5458717721700669, 0.5618004354834557, 0.5673779029771686, 0.5682537153735757, 0.5719409094005823, 0.5877979506552219, 0.627622852474451];en-ar
[0.2602498608082533, 0.3178195533901453, 0.3801561558246613, 0.4418534624576569, 0.4861812147498131, 0.5384894424676895, 0.601772985458374, 0.6237729620933533, 0.6461370068788529, 0.6535507470369339, 0.6579074478149414, 0.6696168598532677, 0.7047753174602985];en-ru
[0.3941028791666031, 0.43561185359954835, 0.48681795805692674, 0.5446321082115173, 0.584706267118454, 0.6230692428350448, 0.6663713192939759, 0.6857444959878921, 0.7005303859710693, 0.7051337724924087, 0.7150582289695739, 0.7182105815410614, 0.744593425989151];en-fr
[0.15245385551941582, 0.1931681001931429, 0.23065727655775844, 0.28044411338865755, 0.3150225204229355, 0.34914137437939646, 0.3995356287434697, 0.4084313098527491, 0.40557962857186797, 0.40528916142880916, 0.40928507125005126, 0.42219863703474403, 0.44251161482185125];en-hi
[0.2055984130501747, 0.25345086611807344, 0.29856338664889337, 0.3561269047856331, 0.3999524265527725, 0.457108673453331, 0.5193429672718048, 0.5468023306131363, 0.5716735833883285, 0.5811267122626305, 0.5946046531200408, 0.6134678661823273, 0.6513971155881881];en-ar
[0.26338465997949245, 0.3192502119205892, 0.38029001764953135, 0.44604062765836716, 0.5022901818156242, 0.5459139010310173, 0.602057256102562, 0.6146902567148209, 0.6316782766580582, 0.6333541762828827, 0.6391224858164787, 0.6536035350710153, 0.6763312800228596];en-ru
[0.37842503666877747, 0.4194238328933716, 0.4709638392925262, 0.5367573946714401, 0.5871107172966004, 0.6229598468542099, 0.6709548896551132, 0.6889247876405716, 0.6953679472208023, 0.6976436424255371, 0.6972904693707824, 0.6981794169545174, 0.7167211507260799];en-fr
[0.14282340888865291, 0.18572509076446295, 0.22601888312026858, 0.2871870629116893, 0.32602752283215525, 0.3642773091048002, 0.42628432939760386, 0.44041083253920077, 0.4340816641226411, 0.439995754621923, 0.44912318538874385, 0.4781520884484053, 0.4967685429751873];en-hi
[0.21005696371197702, 0.24947759486734866, 0.2899833856523037, 0.3603627845644951, 0.41776227205991745, 0.4733371090888977, 0.5406800618767739, 0.5593689769506455, 0.5713688540458679, 0.5690221029520035, 0.5712449314398691, 0.5971982318907976, 0.6350398138165474];en-ar
[0.29561576068401335, 0.34524029701948167, 0.40900002121925355, 0.468205084502697, 0.5183082610368729, 0.5655067586898803, 0.6306974667310715, 0.6493261963129043, 0.6511302173137665, 0.6543154263496399, 0.6428273266553879, 0.6463932773470878, 0.6744060848280787];en-ru
[0.4104553663730621, 0.4421406012773514, 0.49110030859708786, 0.5447400176525116, 0.5899004507064819, 0.6265423530340195, 0.6750064027309418, 0.6965914702415467, 0.6963948601484299, 0.6925753381848335, 0.6817698011547327, 0.6758878078311682, 0.6963212692737579];en-fr
[0.18280335646122695, 0.22675839893519878, 0.2585425940901041, 0.3107180270552635, 0.3475458611547947, 0.3847822676599026, 0.4443901672959328, 0.4745780001580715, 0.45939506934955715, 0.4436052902042866, 0.4237649980932474, 0.44814783994108437, 0.4837176873162389];en-hi
[0.25614323288202284, 0.2904825599491596, 0.33246095418930055, 0.38594196617603305, 0.4380468189716339, 0.4930104887485504, 0.5637987399101257, 0.6019925272464752, 0.6107671372592449, 0.6228606101870536, 0.6292768377810717, 0.6469490731880069, 0.6897394071519375];en-ar
[0.27287265807390215, 0.32792377695441244, 0.37946281492710116, 0.44997931718826295, 0.49901811718940736, 0.5502769809961319, 0.6277492624521256, 0.6518444693088532, 0.6595139509439468, 0.6633211529254913, 0.663312994837761, 0.6735884407162667, 0.6931767731532454];en-ru
[0.37463000863790513, 0.4115669173002243, 0.4576090064644813, 0.5160318094491959, 0.5593563616275787, 0.5999479275941849, 0.6576440185308456, 0.6866090458631515, 0.7017440867424011, 0.7035524374246598, 0.6973656684160232, 0.686124853938818, 0.6971108067035675];en-fr
[0.16954358987510204, 0.2023598289862275, 0.23417642891407012, 0.2933291782066226, 0.33329637989401817, 0.3737337647378445, 0.45210904732346535, 0.4770017531514168, 0.4732210963964462, 0.456607031673193, 0.43877778509631754, 0.4451816000044346, 0.4436032340303063];en-hi
[0.2286955637857318, 0.2562783192843199, 0.2976407129317522, 0.3580538173764944, 0.41276751309633253, 0.466748848259449, 0.5490654706954956, 0.5776822909712791, 0.5904007935523987, 0.5912967330217361, 0.5961296780407429, 0.612487068399787, 0.6454024391621351];en-ar
[0.27996241122484206, 0.3237739954888821, 0.37827169716358183, 0.4394739317893982, 0.49005562007427217, 0.5412766373157502, 0.6080975908041001, 0.6293656134605408, 0.6292627668380737, 0.6275351549685001, 0.6299490731954575, 0.6351502837240696, 0.655540608689189];en-ru
[0.409240215420723, 0.4386945903301239, 0.4836834704875946, 0.544331294298172, 0.5867072451114654, 0.6247049152851105, 0.6750241893529892, 0.69194779753685, 0.6927013897895813, 0.6867864388227463, 0.6771308907866478, 0.6656041200831533, 0.668102782741189];en-fr
[0.17728716981830075, 0.19842535395175218, 0.23081066329963507, 0.2818398914858699, 0.3195835675299168, 0.35470899909734727, 0.4176560160517693, 0.45090872775763274, 0.45089166224002836, 0.449250590801239, 0.4445904578268528, 0.4707130315154791, 0.5025515774451196];en-hi
[0.2306929626315832, 0.256197244040668, 0.2989579526335001, 0.35632179856300356, 0.40200144588947295, 0.45723734378814695, 0.5256757420301438, 0.557166505753994, 0.5594906494766474, 0.5612248837947845, 0.5674524811608717, 0.5893901523016393, 0.6294203448295593];en-ar
[0.2875510756671429, 0.34700984418392183, 0.39595135480165483, 0.4495138566195965, 0.4932688289880753, 0.5431313541531563, 0.6099074178934097, 0.6336316883563995, 0.6503185087442398, 0.6511087700724602, 0.6546279598772525, 0.6739221047610044, 0.6975827420130372];en-ru
[0.4093224483728409, 0.44367128163576125, 0.48829286873340605, 0.5389142280817032, 0.5750683075189591, 0.6142267650365829, 0.6617198544740677, 0.6816533923149108, 0.6954751622676849, 0.7036021256446838, 0.7032386906817556, 0.7150648918747902, 0.7334075169265271];en-fr
[0.1806293151527643, 0.20990020744502544, 0.23656938467174768, 0.28203801773488524, 0.32203408524394034, 0.364790343940258, 0.4249913229048252, 0.44163792937994, 0.4416699067130685, 0.43687193989753725, 0.4342485194653273, 0.46038346253335477, 0.4853453104943037];en-hi
[0.24306927487254143, 0.2743336899578571, 0.3139545926451683, 0.3608555841445923, 0.4061730188131332, 0.4648081439733505, 0.5353334426879883, 0.5525968801975251, 0.5640936788916587, 0.570724450647831, 0.5653259644284845, 0.5879084924049676, 0.6244090136140585];en-ar
