Value;Language Pair
[0.6377542525590979, 0.4057139193592593, 0.43216170223410394, 0.4420586398880308, 0.5504389958864098, 0.6149220524371292, 0.6360034789963781, 0.6461375099253686, 0.6444563450431451, 0.6435056793445255, 0.7030688722711056, 0.7049416136405974, 0.7960846219483453];en-ru
[0.6846325740876819, 0.5061280337779317, 0.5098668518972893, 0.5093697220634203, 0.6243027181834138, 0.6936565090805137, 0.70967803475447, 0.7096571391145698, 0.700498340499665, 0.6993943914705111, 0.7531669098076721, 0.7544108485383912, 0.8281078438755746];en-fr
[0.6166087315323435, 0.35485431511886417, 0.36015246431537284, 0.3838010906765703, 0.46402158444087643, 0.6011451326535704, 0.6399197365801471, 0.6506600907522564, 0.6471812504444097, 0.6384011793276295, 0.7075814466744972, 0.7073287844766553, 0.793441723981717];en-hi
[0.6142826024644212, 0.3247894519154215, 0.36442041262033553, 0.3845666542556137, 0.5376720764464699, 0.638850772290025, 0.6727948539238423, 0.6764974050866052, 0.6590759688367446, 0.6579999563532571, 0.7060194828578581, 0.706248134841832, 0.7831431409685562];en-ar
[0.6276396005375621, 0.3970753440819681, 0.43621019829452656, 0.44580181086591136, 0.5495347172526333, 0.614920605673251, 0.6394054616714129, 0.6545936360022946, 0.6601144124412288, 0.6561048593115992, 0.7222787795014058, 0.7227070412264827, 0.8034765417082235];en-ru
[0.6661321941363471, 0.5028137493619579, 0.5074536701881637, 0.5127663807151839, 0.6064060402444253, 0.6767915441615817, 0.7062070243324463, 0.7200407291591788, 0.7126525997787636, 0.7131760432366476, 0.7583803037975061, 0.7635034742082158, 0.8323188447191691];en-fr
[0.6074107711343095, 0.35786850556517796, 0.3564369473649034, 0.38333922595872233, 0.4529229259234853, 0.5968940667179413, 0.6483586270303932, 0.6700603999034501, 0.6582963809706659, 0.6524620263072817, 0.7075886500174723, 0.7025181512457008, 0.7916280686560397];en-hi
[0.6003321902721654, 0.32724544049114535, 0.36636841464195946, 0.39189973327253635, 0.5231113811512478, 0.6124736217207586, 0.6513301734812558, 0.6666676711527786, 0.6523936131474329, 0.649812401834206, 0.7013464627077337, 0.7120959567635631, 0.7729058767622337];en-ar
[0.6291526482075763, 0.41607948681805285, 0.44342490982147864, 0.4516009102327128, 0.5664324673983113, 0.6268514993445327, 0.6431940859379635, 0.6595723188346407, 0.6592533969149614, 0.6499222503307586, 0.6984653302456718, 0.6970896281759875, 0.7989825578344365];en-ru
[0.6674911059619626, 0.5092626234573739, 0.5030528765641308, 0.5189288101329779, 0.6177387183601483, 0.6748055322708387, 0.6850368894430964, 0.6858992762834533, 0.6749402158041873, 0.6650541127779677, 0.7211933758316446, 0.7250933321708969, 0.8116586421635777];en-fr
[0.6092256647783021, 0.36280018879449927, 0.36066757905558916, 0.38147092840255936, 0.46098603351973, 0.6045204428391299, 0.6478017454314977, 0.669041244215914, 0.6591378421639092, 0.6491196011698533, 0.6989758050084734, 0.6962008181214333, 0.7750036223285133];en-hi
[0.6160680732107722, 0.3215010813542176, 0.36475155669429415, 0.38734770824584, 0.5341546537261457, 0.6269510028839189, 0.6639108769704277, 0.67426699520632, 0.6530078597687619, 0.642455598541225, 0.6963311863333608, 0.7024608601311532, 0.7928502122095475];en-ar
[0.6326458286753041, 0.40632908838180204, 0.44406919383366283, 0.45087970858906073, 0.5867266391473822, 0.6484783676705168, 0.6577619521560458, 0.6587340997555293, 0.6542328929357851, 0.646578065053327, 0.7112839322645838, 0.7120045354098935, 0.8043746779424449];en-ru
[0.6690734729628699, 0.5082651999600543, 0.5090806168385704, 0.5197753434798991, 0.6575813799446526, 0.7111906334478408, 0.7168893830439387, 0.7054095750864993, 0.6925375225802418, 0.6913043769697348, 0.7504055509987908, 0.7531428810255602, 0.8237561663876598];en-fr
[0.6078835408032561, 0.36212564466880093, 0.3634864501148695, 0.3890676576504484, 0.47702142292206795, 0.6051216431280287, 0.6449037551054789, 0.6585803081273722, 0.6487007888802327, 0.6381623517705157, 0.7133703004578517, 0.7185377469581241, 0.7907810182364968];en-hi
[0.6138367875838109, 0.32871322583019114, 0.36930015945976874, 0.3977794012039279, 0.5507918309054124, 0.6268421718580066, 0.6563640337856487, 0.6597771786931359, 0.6468272133466477, 0.6478001517072941, 0.7102525020608058, 0.7159544613759499, 0.7925855230043332];en-ar
[0.6241177922968443, 0.40890526367826774, 0.4310276711427529, 0.4515438367015061, 0.5587745110574178, 0.6371869592453974, 0.6527715262679461, 0.6607555406431977, 0.6618332972416344, 0.6545041208784096, 0.7052148041392987, 0.6945622074159231, 0.8045956839861659];en-ru
[0.6700132692812865, 0.5091067885382411, 0.5043460745667108, 0.5090026516721142, 0.6166567680736382, 0.6780484558509973, 0.6956755749578588, 0.6934282264109546, 0.681811831156568, 0.6662777684768662, 0.738679940594205, 0.7405820876499638, 0.8282303756265901];en-fr
[0.5954837214855555, 0.3613924078119453, 0.36076794600269446, 0.3862226716853911, 0.4726079186804903, 0.6110179606918246, 0.6536001605424099, 0.6680418399329452, 0.6596035941197381, 0.6488330864557065, 0.7069251947399849, 0.7074460851540789, 0.778963713888079];en-hi
[0.605102569393445, 0.3222336114438561, 0.35673337553084516, 0.3878503161808476, 0.5378481940940644, 0.6362195435018899, 0.6690787308624325, 0.6765635358507279, 0.6635116221111578, 0.6587800727251669, 0.7090790654561715, 0.7169405150522168, 0.7914127353066579];en-ar
[0.6597896746274394, 0.4444483176385984, 0.46301248333378076, 0.467603430756911, 0.5502374915344019, 0.6310305602600177, 0.6570140021356443, 0.6618332902264471, 0.6560634797640765, 0.6417952939324701, 0.71309349113338, 0.7140599942921351, 0.8174950813253721];en-ru
[0.7013065151726672, 0.522851283114093, 0.5275613787100883, 0.531909286804342, 0.6129417827151095, 0.6764807085692882, 0.6956858608324547, 0.7083093911234755, 0.7051647303664746, 0.6976738321975184, 0.7563513396199172, 0.7576187078724615, 0.8270085888154184];en-fr
[0.6311861663723054, 0.3726013900131996, 0.3795431969241084, 0.4033443794337412, 0.4706699404543421, 0.6127372211487576, 0.6555389602372694, 0.673348994399809, 0.665213869511305, 0.6430703973180304, 0.7174280598049517, 0.7174435944564175, 0.8019058835025256];en-hi
[0.6311909345317205, 0.3317754400668006, 0.37340055278288975, 0.39940049181323656, 0.5440918906910519, 0.6512122668962305, 0.6890146098736053, 0.694265103971508, 0.673083069025209, 0.6617975469779533, 0.7145612443857439, 0.7159448731629102, 0.78517940295346];en-ar
[0.6374623851489741, 0.40972924100933594, 0.44530005821453716, 0.45376175819042447, 0.5543517771010132, 0.6028266687625243, 0.6165089336003197, 0.6218083716649562, 0.6272953671434274, 0.6371700203368285, 0.7172004227595365, 0.7214113950083265, 0.8149273183487822];en-ru
[0.6731857327270943, 0.5132664184307214, 0.5078309846149447, 0.5178407034347765, 0.6205980213820779, 0.6786228324959909, 0.6977238731070732, 0.7015856002220728, 0.7004888567902768, 0.6979176269622985, 0.7515924482094124, 0.766696519307831, 0.8324506007072826];en-fr
[0.6205461559696899, 0.3575997169070767, 0.3676065752298261, 0.399546772641091, 0.46838537411919484, 0.6084816396593427, 0.645473269620367, 0.6567955184914172, 0.6485765868083885, 0.6448153751405576, 0.7186646147891103, 0.7185636946874001, 0.8003421729222949];en-hi
[0.6201144568098244, 0.31584826770044555, 0.37194520275528703, 0.3996937737066764, 0.5341528342617675, 0.6282873528605948, 0.662103308038786, 0.670244741589316, 0.6636594731869021, 0.6739359641212892, 0.7248210536570211, 0.7304548703910162, 0.806471055916821];en-ar
[0.6178361323235732, 0.42182362942956386, 0.44655776508986794, 0.4539233363148135, 0.5490158631790352, 0.5913198724439522, 0.6062749747931957, 0.6107627744184962, 0.6182591125493249, 0.623291928404166, 0.6947721883375197, 0.689068187039035, 0.8015720993252035];en-ru
[0.6631592866898669, 0.504655950089218, 0.5081573010076924, 0.5091768355411962, 0.6223325014850343, 0.6635875793305847, 0.677270559448128, 0.6760234726447379, 0.6733887049480108, 0.6782755510338272, 0.7283912639839886, 0.7304854465927929, 0.8117732006407459];en-fr
[0.5941367950212831, 0.36546112820651616, 0.3689521825511474, 0.38751014884522494, 0.43460224347159965, 0.5682554611959495, 0.6182190907172238, 0.6446142090895834, 0.6380325972482872, 0.6341061701897222, 0.7018681616178947, 0.7045077890669927, 0.7852320343861356];en-hi
[0.6082156423274622, 0.3352827886817007, 0.3758126920252107, 0.4011717817983784, 0.5264700350934194, 0.6136437703461464, 0.656667145199608, 0.6684073790221009, 0.6552996006719574, 0.6541037614224479, 0.7039700105392451, 0.7116647426132112, 0.7969343050984511];en-ar
[0.6523211171121026, 0.4158623954591652, 0.44382968769059516, 0.45598689120295605, 0.5598734238146184, 0.6361795622995123, 0.655879031647928, 0.6590299375774339, 0.654046581525666, 0.6383984319090572, 0.7169742511003279, 0.7078104144482252, 0.809796937398302];en-ru
[0.6802664410920504, 0.5289909856882877, 0.5303704737763231, 0.5329382263465474, 0.6245083473418102, 0.6874000282414878, 0.7071887620414297, 0.7064279571711086, 0.7036315566278063, 0.6935686434434805, 0.7614768255727055, 0.765107150307158, 0.8377638878502572];en-fr
[0.6215138054557611, 0.3662383223082482, 0.36495314292008213, 0.39321005865931513, 0.46940567428284946, 0.6085630120476708, 0.6568920163887864, 0.6766573877384265, 0.6644658645312301, 0.6540568622896292, 0.7251849976523469, 0.7237304866834893, 0.8110860323781769];en-hi
[0.6182912355203491, 0.32615018280856023, 0.37212419983853273, 0.39036626907104316, 0.5495225581119303, 0.6382667820905529, 0.6693312525756968, 0.6730979033218076, 0.6534799356308455, 0.6541548692248762, 0.713155593619061, 0.7213389243909235, 0.818614424772483];en-ar
[0.6369924949730436, 0.4207887065996571, 0.44619921974139287, 0.4564975431592514, 0.5495209391581981, 0.6207074246113189, 0.6409415667372135, 0.6490980642680855, 0.6507727776973237, 0.645303576005584, 0.7089350495145966, 0.7081794764433289, 0.7947515728914489];en-ru
[0.698203277001497, 0.5101614285938558, 0.5133537909093623, 0.5239088291876639, 0.6199557318861479, 0.6926198871278515, 0.7114360947200719, 0.7089125380494321, 0.6969024881068617, 0.6868103110673838, 0.7396076999088594, 0.7452593284773563, 0.8274081578377324];en-fr
[0.6253684094368752, 0.3672472929895836, 0.37662863413551045, 0.3983805830099542, 0.45938437763698553, 0.5983070445836832, 0.6415556996139155, 0.6680532128453099, 0.6683762412394086, 0.6545834036932017, 0.727652151278841, 0.7282264317385853, 0.7997728130392109];en-hi
[0.6248858276168175, 0.32645155921454716, 0.3743452574010007, 0.39417658167212116, 0.5400443158011573, 0.6323671009290653, 0.6654695478159314, 0.6692323834992324, 0.6572724399308209, 0.65791299480324, 0.6995410362131952, 0.7105317384328615, 0.7934151114791166];en-ar
