Value;Language Pair
[0.7000661001354456, 0.392396293990314, 0.36650164356455206, 0.48105276443064215, 0.450717258406803, 0.4693168267607689, 0.5296716178674251, 0.6070130825042724, 0.6355976987630129, 0.6194196544587612, 0.7314638372510671, 0.7613307851552963, 0.8149311100691556];en-ru
[0.7473531469702721, 0.47703578320331874, 0.4238396245613694, 0.4768036321923137, 0.46376939691603186, 0.5031616208888591, 0.5368882447853685, 0.5600354990083725, 0.5790665998309851, 0.5951289549283684, 0.5857904849946499, 0.5653514014184475, 0.6293839664757251];en-fr
[0.7223119556624442, 0.32538869240321217, 0.294893086347729, 0.3773047675564885, 0.40227787584066393, 0.5001023814454675, 0.5425742413848639, 0.6408163003623486, 0.67347772449255, 0.5689096323400736, 0.7028176228702069, 0.7379773312062025, 0.6033719903975725];en-hi
[0.7124264634400607, 0.40789472702890633, 0.3372190283611417, 0.43181544754654166, 0.4920089802891016, 0.5187008868623525, 0.5935369448829442, 0.7056034106761218, 0.741143099963665, 0.7271393918991089, 0.8152655920386315, 0.8093192538619042, 0.8529568459838629];en-ar
[0.8136241158843041, 0.4006108926422894, 0.38079871200025084, 0.5025496504455805, 0.47650370992720126, 0.45286004718393086, 0.5226938451081514, 0.5928861112520099, 0.6339994391053915, 0.6289523435384035, 0.7752496015117504, 0.8026001261919737, 0.8187158009409905];en-ru
[0.7845921090245247, 0.453321034014225, 0.43202943686395884, 0.545836303755641, 0.5173125250730664, 0.5141966788470745, 0.5638278226554394, 0.6147288287431002, 0.6219836207479239, 0.6545910328626633, 0.7073862653970718, 0.7670973837375641, 0.8722496637701989];en-fr
[0.7718518562242389, 0.34514098674058913, 0.34362522449344396, 0.4380583654344082, 0.4216503680823371, 0.5353062066435814, 0.5823238935880363, 0.6727472579479218, 0.6894584095478058, 0.5849046802148223, 0.7121692632883787, 0.7155233165621757, 0.6633882363885641];en-hi
[0.7741871379315853, 0.38695732143707573, 0.34543903803918513, 0.5017730054259301, 0.5092405755471554, 0.5255608906410635, 0.5807257433980704, 0.6704142129863613, 0.6963961952924729, 0.6763042783737183, 0.7579391223192214, 0.7598592752963305, 0.7743394938856363];en-ar
[0.8330996836721897, 0.4082897693198174, 0.4094389357790351, 0.529927012976259, 0.5179772612079978, 0.5453555746003985, 0.5820255191624164, 0.6251681389287114, 0.6317206256464124, 0.6190038777701556, 0.7337428577244282, 0.8156739836931228, 0.8228818869590759];en-ru
[0.8550727608799934, 0.505772992298007, 0.4807669276744127, 0.5598673359304667, 0.5246942074596882, 0.531697373278439, 0.5514395102858544, 0.5992271070741118, 0.6273427999019623, 0.6220977649837732, 0.7340333177149296, 0.76292864642106, 0.7478851403878071];en-fr
[0.7763410673849285, 0.4300817304244265, 0.38077312920242545, 0.45646568566560747, 0.4525388588011265, 0.5067195049859583, 0.5534438925236463, 0.6320098779723048, 0.6630470268055797, 0.6148399129509926, 0.7705259454250336, 0.7820473247766495, 0.7257812090218068];en-hi
[0.8093510664999485, 0.42223142012953757, 0.3777089017443359, 0.4826033587753773, 0.5129453992843628, 0.5209589701332152, 0.5914162318781018, 0.6904507431387902, 0.7244105380773544, 0.6823597856331617, 0.7901288785040379, 0.7953745575249195, 0.8075261517986655];en-ar
[0.7950798824429512, 0.4940360325574875, 0.4463109563291073, 0.5138086274266243, 0.4780354804545641, 0.5268549647927284, 0.5514928448107094, 0.6235769728571177, 0.6475320475175976, 0.6258231218159199, 0.7319624266028404, 0.7818177947402001, 0.8042911087721586];en-ru
[0.8095239457115531, 0.5639293643739074, 0.5174996292218565, 0.5876120992004872, 0.5911975285410881, 0.6173379858583212, 0.6272371798218228, 0.6607706256583333, 0.6786028826236725, 0.7138144126534463, 0.7715582706034183, 0.8380755686759949, 0.8825773626565934];en-fr
[0.775430362969637, 0.43601511189714076, 0.3728026085346937, 0.43164480704814195, 0.44991580307483675, 0.5032637633383275, 0.5173586983978748, 0.5672630540048703, 0.5734213064424694, 0.4683978992514312, 0.5904343691468239, 0.5951079111394938, 0.6053165213763714];en-hi
[0.7660282970033586, 0.3439549789763987, 0.32526402494870127, 0.4708830226957798, 0.4694979814067483, 0.529874659255147, 0.5842498553171754, 0.6418190420418978, 0.6658328950405121, 0.6323516856878996, 0.732546997666359, 0.7347453138977289, 0.7685078329220414];en-ar
[0.7971713230013847, 0.4540946150571108, 0.38611089561600237, 0.450805697478354, 0.44791588502412194, 0.5010372260585427, 0.5608842963725329, 0.5884090174455195, 0.5915967459091916, 0.592288898275001, 0.651075260490179, 0.7169884131848812, 0.7916971999406814];en-ru
[0.7947753109410405, 0.4870116960350424, 0.4353713249228895, 0.5421071674674749, 0.5152977427095174, 0.5025158727169037, 0.5219931538775563, 0.5346320589259267, 0.5488763948285487, 0.6089377500116825, 0.5582136901468039, 0.6842924842238426, 0.7700469460338354];en-fr
[0.790454984009266, 0.3824989999458194, 0.3407419504970312, 0.37704970270395277, 0.42957012875936923, 0.4610527622839436, 0.5282616202533245, 0.5803079262468964, 0.5438960152864456, 0.4764266931451857, 0.6162972317216918, 0.6170316031388938, 0.6801742918789386];en-hi
[0.7949441114068031, 0.37321127731353043, 0.3164993456937373, 0.44004228646401317, 0.4362821593135595, 0.5048374693840743, 0.5762844756990672, 0.6230258435383439, 0.6455299279093742, 0.6398437535576522, 0.6916384582221508, 0.692131831869483, 0.7381340233981609];en-ar
[0.7922215984761715, 0.4800665794312954, 0.4451961773633957, 0.5416309749335051, 0.49513945828191935, 0.5341390573978424, 0.5672048272192478, 0.633419558443129, 0.6262609530240297, 0.5674990147352219, 0.7039554727822542, 0.7485072016716003, 0.7771859695017338];en-ru
[0.8283477196097374, 0.5547044628113508, 0.4911967930197716, 0.5468322002515197, 0.5263121222704649, 0.5949528062343598, 0.63851362362504, 0.6584564262442291, 0.6615813227696344, 0.6754666911065579, 0.7187794195860624, 0.7543753872066736, 0.799891279861331];en-fr
[0.7914595267176628, 0.41061862238217145, 0.34217467077076436, 0.4048674270510674, 0.41546235044370405, 0.4754304680880159, 0.5398984616622329, 0.6137507499754429, 0.6187685559503734, 0.5725239347107709, 0.6909038373827934, 0.7068119544163346, 0.6229800593107939];en-hi
[0.7813589811325073, 0.3951050948118791, 0.354896865291521, 0.49359749602153896, 0.49533952489495275, 0.5889849068340846, 0.6498256058245897, 0.7340771978348494, 0.7524263644218445, 0.7224380411952734, 0.7502897034562193, 0.7756037051975727, 0.8227358507364988];en-ar
[0.7541230223700404, 0.44148259300738574, 0.3798479113122448, 0.495569100221619, 0.4862253720324952, 0.5232824139297009, 0.5827859241887927, 0.6575193518400192, 0.6766240702569485, 0.6357464474439621, 0.7768453436344862, 0.8014387176930904, 0.7912377692386507];en-ru
[0.7698903591558337, 0.5379316797852516, 0.45520204232190736, 0.5595746899582446, 0.5551454772148281, 0.5759997282922268, 0.5876499842852354, 0.6439867268502713, 0.6600704557448626, 0.6866883574426175, 0.7410540432482958, 0.7730877940356732, 0.8271636489033699];en-fr
[0.7361140667274594, 0.3790034619811922, 0.3471430283226073, 0.43875273898243905, 0.44898364402353763, 0.5231987799704075, 0.5675293731689454, 0.6237080947495997, 0.6224283160641789, 0.5170050233602523, 0.6857966113090516, 0.7081564301997423, 0.6524075718969107];en-hi
[0.7475401382148266, 0.3432802367582917, 0.31673181713558735, 0.45896985865198076, 0.44473601317033173, 0.536672101020813, 0.6421700981259346, 0.7133542639389634, 0.7301897332072258, 0.7003829953074455, 0.8153480738401413, 0.8004611083865165, 0.8110162930190563];en-ar
[0.7922859547287225, 0.4238053689152002, 0.35559926168993117, 0.4623637273535132, 0.4443029128760099, 0.47220352575182917, 0.5454301391541958, 0.6350746386498213, 0.6496308317780495, 0.6353663074667566, 0.7054840926826, 0.7373001077771186, 0.8254249277710914];en-ru
[0.7868713968992234, 0.5051683982089162, 0.474328261166811, 0.5533027347922325, 0.553967654556036, 0.5662504701316357, 0.6060032702982425, 0.6805938486382366, 0.7055504705756903, 0.7082831543684006, 0.7528593354672194, 0.8065119428001344, 0.8801210858672858];en-fr
[0.7661155765131116, 0.3922889257408679, 0.35850840706378223, 0.4360341670364141, 0.43824077971279624, 0.49201083166524767, 0.5381396958976984, 0.6330111417174339, 0.6318241647258401, 0.5463518247008323, 0.7109218436479569, 0.6866484972834587, 0.681444547176361];en-hi
[0.7653540349006653, 0.4069666626304388, 0.3086860961734783, 0.42770773291587827, 0.40295638997107747, 0.46858322370739186, 0.5623880544863641, 0.6426112784817815, 0.6689708840101958, 0.6732515353150665, 0.7757497215270996, 0.7453750921785831, 0.8215738012455404];en-ar
[0.8407329545170069, 0.46976361639797687, 0.45109965342096986, 0.556487438865006, 0.5365792739763856, 0.5457020533829927, 0.5804071133583784, 0.620298504466191, 0.6386058505624532, 0.6036639278079383, 0.7607436700165272, 0.7853843176364899, 0.8011197620630264];en-ru
[0.8746301057934761, 0.5204355372488498, 0.467806027457118, 0.5916902783513069, 0.5518503060191869, 0.5442397996783257, 0.5641192211583257, 0.5803849318437279, 0.5963457386940718, 0.6288870165124536, 0.6789894342422486, 0.7245935815945268, 0.788496637493372];en-fr
[0.8540989597514271, 0.4640602150373161, 0.42103809559717775, 0.4873462998121977, 0.47583598841680214, 0.5031835195049643, 0.5260861627012491, 0.613961280155927, 0.6403590705245733, 0.5708223627507687, 0.7463872149586678, 0.7389266962744295, 0.7421559192985296];en-hi
[0.8348392555117607, 0.3433513956144452, 0.3489569941908121, 0.5053043442207854, 0.4887463118880987, 0.5038390596210957, 0.564148734509945, 0.6716361533850431, 0.7156346920132637, 0.6908301240205765, 0.755795575529337, 0.7501315961964429, 0.7688262303173542];en-ar
[0.7881966059654951, 0.43689285434782504, 0.4315169309079647, 0.5053492897376418, 0.5030892014037818, 0.54514035359025, 0.6320231837034226, 0.7300072753429413, 0.7302089041471481, 0.6547358615323902, 0.7701996888965368, 0.8179973469674587, 0.8389481350779533];en-ru
[0.7715715859271586, 0.4865894116461277, 0.433043224317953, 0.5213299820572138, 0.5408014571666717, 0.5526656203344464, 0.5943170646578073, 0.6538481985777617, 0.6777562181651592, 0.6606914393603802, 0.7424713174067438, 0.7776407151669263, 0.8282269034534693];en-fr
[0.7702052584290504, 0.3726571190729737, 0.3647151331976056, 0.44360198140144347, 0.4934867835044861, 0.5339113786071539, 0.561872474886477, 0.6340245953202248, 0.6253821345139294, 0.547708968387451, 0.7044867481477559, 0.7125174811854958, 0.6321734590828418];en-hi
[0.781749522164464, 0.36572401370853186, 0.33954173817299305, 0.4439456859789789, 0.46928827254101635, 0.5707812274992466, 0.6197148319557891, 0.6932671043276787, 0.7019733618199825, 0.6781301861722022, 0.7932885505259037, 0.8060408872365952, 0.8311745595186949];en-ar
