Value;Language Pair
[0.020577824915127486, 0.018252673948147443, 0.02464742935322516, 0.020640022750956718, 0.015374989928206724, 0.015221312343938673, 0.02125350158963549, 0.03077092408150552, 0.037328619980286575, 0.04851155128173312, 0.06399762082827436, 0.061839977318533336, 0.0374928130918701];en-ru
[0.013530840361859642, 0.014095025565991527, 0.015551128489100327, 0.01434935309997034, 0.012346727609097276, 0.014910519991843988, 0.023784256946422132, 0.03148559656488695, 0.04389644714264605, 0.04950646500356533, 0.05573885723080938, 0.05539372203154386, 0.03103605538708293];en-fr
[0.023509625014916713, 0.021430737945579, 0.006573813063528229, 0.008863032496904419, 0.004940048127139175, 0.004003342609667294, 0.0071024813295475515, 0.01799775721297611, 0.04267005788718652, 0.050824673486259166, 0.08843705049867509, 0.09498820754966149, 0.058909099400697995];en-hi
[0.012359469848286404, 0.01669236277478503, 0.00619881115302478, 0.012170900743806917, 0.008080809063696359, 0.010988225372578927, 0.02153558539376277, 0.037334676116676124, 0.05453719513557502, 0.07105477121388899, 0.0929860120474372, 0.0803193690415312, 0.040939614624137685];en-ar
[0.021529476552348357, 0.018479222122001527, 0.023982795909099977, 0.021544989298023114, 0.016985606856489394, 0.016856072189884466, 0.024702554773876, 0.03291011307696944, 0.042224694855637415, 0.05309130141574982, 0.07079583123608961, 0.06772661441712136, 0.03956382622783769];en-ru
[0.014963245315044081, 0.014091392856687378, 0.015766467975354453, 0.015425401690814515, 0.013157450845523394, 0.015843713211584808, 0.02114227738675755, 0.026907782248191695, 0.036498588767319214, 0.04003917161515493, 0.050209822254570276, 0.054337943697008555, 0.03089657891711596];en-fr
[0.021572004762479384, 0.021664091604928975, 0.0074652306371864735, 0.010692018845602896, 0.005522445863073114, 0.006014810408955015, 0.009560961869371411, 0.01923254124346914, 0.04394877653867295, 0.05211053717695522, 0.08792947063731175, 0.0930557024865482, 0.05100360052854603];en-hi
[0.009913512433804339, 0.01577554711310044, 0.006788275433965084, 0.015447729059620998, 0.01168859020761534, 0.013966416570512917, 0.020653070697987882, 0.03433290664176053, 0.0511806829525941, 0.06909305115956674, 0.09278748947524597, 0.0806690921279024, 0.03941475203483304];en-ar
[0.02074845675260949, 0.02138761596802365, 0.028285848650378396, 0.025341476033688703, 0.021593515766441317, 0.023882049549136284, 0.033578396956528166, 0.04396472582743277, 0.052480102271783305, 0.06501988242561771, 0.0791576914765091, 0.0679028392909377, 0.03858682212140475];en-ru
[0.01325277560939524, 0.017900909321523155, 0.018252131265709095, 0.016182945816115617, 0.014203212714436596, 0.019852501248377286, 0.027721151618310375, 0.03486703496802331, 0.047476441816817, 0.05509621046005485, 0.06241429620266232, 0.05847261540404004, 0.033185170075605765];en-fr
[0.023612471782212298, 0.02195540622095983, 0.007472353627753325, 0.010735891231579423, 0.005670435685144369, 0.008769167002933299, 0.014907246380858896, 0.027887414882245307, 0.05700722257235703, 0.06550997113003396, 0.09906824349833473, 0.09751116707237817, 0.05188861089936785];en-hi
[0.011953826833284054, 0.014312611617902085, 0.006256709256272908, 0.015898560713019066, 0.013133142354422816, 0.016894443303075726, 0.025556748171648325, 0.03676162051144846, 0.05147095084005806, 0.0670086509295041, 0.09056256385696869, 0.0755505309663932, 0.03662199723265033];en-ar
[0.022605959009204736, 0.020515768218494275, 0.02674346073414294, 0.023339589254705514, 0.017531405315351724, 0.017361692540014042, 0.025523737615367994, 0.03522414807704902, 0.041266445395742, 0.049804764273050556, 0.06822842192825344, 0.06552279332826275, 0.03846834030768379];en-ru
[0.014422312695583696, 0.017322018804014173, 0.019209137880444958, 0.01907706517262405, 0.0151749940777336, 0.01702081046658821, 0.02176423697025596, 0.030001407436361142, 0.04094801678004992, 0.04584008802730432, 0.05595438771917031, 0.0562469656975154, 0.03215059599945078];en-fr
[0.022665113034083306, 0.019383966166771873, 0.007619521524447094, 0.010897771208788236, 0.0057610770918224315, 0.00635534893281521, 0.00896722025679782, 0.021893045291702374, 0.046552806340385174, 0.053983563534456595, 0.09369781677350825, 0.10320409847410406, 0.060105883465359375];en-hi
[0.010689906333009182, 0.01194730134034392, 0.007400084510779373, 0.01720504944450976, 0.012147148496470358, 0.013463171474809466, 0.02142779874260681, 0.03486486472794352, 0.05084519334571684, 0.06529903064118601, 0.0925996866123739, 0.08473998274296696, 0.04160934830119924];en-ar
[0.02217933086332369, 0.019374268759231653, 0.02642314287514294, 0.0238090028942167, 0.01973257178850047, 0.019442541164450523, 0.031025320604006063, 0.04093474243247491, 0.04986055833322904, 0.059167679449932876, 0.0735762408188041, 0.06781676519556136, 0.03746283342581065];en-ru
[0.013947777954717168, 0.016361521064689195, 0.01972758208499712, 0.01992823424661312, 0.018247305515186767, 0.020092399904200076, 0.02665735978578687, 0.03452156255869486, 0.04782593380009114, 0.055156790162096084, 0.062264851841218355, 0.05914492045782198, 0.03168883151962713];en-fr
[0.024316808923204564, 0.02353893857176305, 0.007954168211724424, 0.010991282544491821, 0.00776207646499987, 0.008938603987969264, 0.01544139324403729, 0.029768676348330168, 0.059606461217383735, 0.06854418653723804, 0.10061345729489875, 0.10258967378958517, 0.05581969538105586];en-hi
[0.010204176470804602, 0.01623290533239074, 0.005934032527233129, 0.015497803099529755, 0.01193497644382581, 0.013177968243811039, 0.02253530434943636, 0.03519862839137985, 0.052856106583351714, 0.06992593023517127, 0.09211512654402276, 0.07778326822541629, 0.038454621832328964];en-ar
[0.02189756233683245, 0.01838951126296539, 0.023483636224163495, 0.02095886694410011, 0.016166295895085808, 0.01697282212987431, 0.02660536499409226, 0.036556690289585275, 0.04644703932692096, 0.05709370195588429, 0.07007205133236849, 0.06506078259510667, 0.039078951106003984];en-ru
[0.014140421154115427, 0.01564492539727447, 0.016556440883019517, 0.016239253561154215, 0.014006254836465353, 0.01735696031403609, 0.0255964065024252, 0.0343447095956394, 0.047333109304600336, 0.05298151390487365, 0.05695944477374482, 0.052855201165689036, 0.02870944783789791];en-fr
[0.025030696054266693, 0.025979421499265493, 0.008920304890616342, 0.006005935166556336, 0.005283714049320898, 0.004202188088597502, 0.007260138515708477, 0.02179467016619266, 0.05086988386659297, 0.05687012428332852, 0.08815420737252194, 0.08978867414079034, 0.05147262480505475];en-hi
[0.0103141547835884, 0.01607048616925207, 0.006136559060043475, 0.012695877710856937, 0.009384149222321832, 0.012385253998411509, 0.024076763755085866, 0.039239065067999554, 0.06022714180124146, 0.07553027363280028, 0.09622140545531031, 0.07932230287072575, 0.03738237233978016];en-ar
[0.022774257841932814, 0.020094007864422708, 0.026962585980861677, 0.023835337671933216, 0.019446996921837933, 0.019840316210748506, 0.028414905988395498, 0.03927530132424428, 0.0520967822370056, 0.062191245866896734, 0.0783982986468292, 0.07120425338008474, 0.04446151362914369];en-ru
[0.016335364209816346, 0.018148275879156964, 0.019738236162469044, 0.01918162822724785, 0.01609965622730435, 0.018962395160184307, 0.02518716978469982, 0.0350324683536463, 0.05138703502536289, 0.056498680523127655, 0.06367557205250478, 0.05804223850036501, 0.031239510856313803];en-fr
[0.023888119120008152, 0.022042554653383943, 0.007815843080727492, 0.011284772630262079, 0.006158615570203356, 0.0069673027471631194, 0.01157886786336105, 0.024569399813753588, 0.049356217620195424, 0.05430830087977644, 0.08799116205314553, 0.08943335633559195, 0.048353065996916536];en-hi
[0.01234965737139582, 0.017316668481855764, 0.005881209501629304, 0.01354428932124896, 0.010201932098085292, 0.012274178863531708, 0.022307165949357503, 0.038921383116162445, 0.06075532057165395, 0.07902270483449009, 0.10353688894596146, 0.08859196344857768, 0.04261657226090094];en-ar
[0.020431885857914327, 0.01686045464254018, 0.024315685928689646, 0.023202357665010352, 0.019115253074995172, 0.019253431947416556, 0.027200080606241874, 0.03619818131952864, 0.04066872550387403, 0.05119064130620163, 0.06793136420404051, 0.06501908636789668, 0.03753171928040629];en-ru
[0.013696427951911706, 0.014234141408082025, 0.01778314686600572, 0.017854693038956333, 0.01632684259442985, 0.019996960614736395, 0.02695086892280999, 0.032443763413976444, 0.037678017610675706, 0.04310010316545168, 0.050485441468733565, 0.052091496799584226, 0.02848771075245475];en-fr
[0.025199937245679635, 0.026422158387715784, 0.007025560496640721, 0.010402495694864285, 0.006668707417473217, 0.006991299882337508, 0.009865647671457731, 0.02030665255236488, 0.04360605297018966, 0.05338831224877808, 0.09438820847362013, 0.10250590447565998, 0.055525060050543515];en-hi
[0.010739934969735253, 0.018798309332693358, 0.005760485353661902, 0.014457802933744615, 0.01223917104878081, 0.012575949401109949, 0.021243741422727377, 0.03356907924108164, 0.04921546237271014, 0.06386590083551742, 0.08963372337495612, 0.07879121788156242, 0.036001832402448926];en-ar
[0.023503413450603566, 0.021476836095093235, 0.028632419505266404, 0.024715703509011484, 0.01971871999008072, 0.01854466829707901, 0.025505008567973865, 0.034857372228964685, 0.0422481275364518, 0.05338647798594172, 0.07145059562960512, 0.06570820422341646, 0.03899668262250656];en-ru
[0.015541083648829715, 0.015394874137776664, 0.01758531693843366, 0.016577702362768138, 0.013623094636970555, 0.015416441538053069, 0.02151628657925384, 0.028969864608810222, 0.04052952232569752, 0.04671872796334252, 0.05826210713099844, 0.05799736628264219, 0.03262922015233466];en-fr
[0.023252700439647396, 0.020436247284706544, 0.00756974063628551, 0.012503733674255238, 0.008281014954724983, 0.008636941542905754, 0.0113957164710847, 0.0244025373985348, 0.05036378214713611, 0.058457863197656806, 0.09442874549356417, 0.10012224050815889, 0.05602193135486753];en-hi
[0.012119080574651896, 0.014436915635596438, 0.007045271642001959, 0.016201019959831277, 0.012467471464774369, 0.012476900499198102, 0.01879254444858662, 0.03192298210221685, 0.05234620225114703, 0.07016498552401389, 0.09618210169711347, 0.08768908157309135, 0.0440109183539711];en-ar
[0.021105119667265214, 0.022078381911034756, 0.02814392925647704, 0.023665869256277953, 0.018774452144746774, 0.018189137601485803, 0.027123767591283324, 0.03495106697462523, 0.036406904369750984, 0.04493437641629135, 0.05825341450839991, 0.04921819511649948, 0.02922396600462596];en-ru
[0.014413578314248525, 0.01679863384963648, 0.016920274299561968, 0.014636773148344938, 0.011896221976511677, 0.015786600093957503, 0.024197874662403966, 0.030909763017199686, 0.040214686356496554, 0.04465367384522425, 0.05274093976412924, 0.04986396290773214, 0.02917285447493242];en-fr
[0.020786973323814475, 0.018429028144801903, 0.007905477937912598, 0.011117370817364814, 0.006337697189801116, 0.007755481703929209, 0.012602042461011185, 0.025963062532429016, 0.05379202782374103, 0.06528213010386294, 0.10124443726954678, 0.10423404082062263, 0.05647248932772774];en-hi
[0.009179850160728161, 0.011619301756789619, 0.007391370767393968, 0.015097597656324045, 0.010870662717500933, 0.012228704901620669, 0.021641625973922156, 0.03421418899599299, 0.0479679162093817, 0.0642906626936969, 0.08626864021845551, 0.07091055105406249, 0.03533914211325115];en-ar
