Value;Language Pair
[0.004385625285867708, 0.01604506307856355, 0.00540493345670485, 0.005028225458369595, 0.004776015192837763, 0.008596362943283696, 0.00972643492009706, 0.012333990781662611, 0.0128710195285385, 0.026534560686244133, 0.019531275696887538, 0.024945903273304232, 0.0227840463011672];en-ru
[0.01044389195628658, 0.009988354872572621, 0.009359564506712563, 0.015729847650039427, 0.0163273810790876, 0.008655359293040222, 0.012270063010194864, 0.02130667313102704, 0.0284771945802397, 0.04550251057575228, 0.03938819988111685, 0.04422870760882955, 0.04972127150749043];en-fr
[0.006328889187037325, 0.018411599466902177, 0.004378289858509551, 0.0049778121835242885, 0.005354583368207345, 0.02877938527759385, 0.0419268223288721, 0.05680102732543058, 0.06977602433461783, 0.0858880960734435, 0.10995400991989294, 0.1314249577737792, 0.14694724345802845];en-hi
[0.004045655992498116, 0.021020101026636755, 0.006579889378742782, 0.005807891954191306, 0.007408391066698294, 0.02933676203128607, 0.038709193770143105, 0.04721797041775675, 0.05353497546624579, 0.06498975671427612, 0.07716615261956286, 0.0894416604471919, 0.08995756058711181];en-ar
[0.0040557827422647505, 0.022406798179314746, 0.006337023744663754, 0.00625501779645676, 0.00574447915584942, 0.016716704525982243, 0.02126698809822601, 0.019216750170514035, 0.015747561907155545, 0.025063494291171006, 0.039006611466466064, 0.05683101103238457, 0.0489845451152357];en-ru
[0.008190581021650961, 0.01540169516294553, 0.0059553058860497745, 0.011863252930015717, 0.012549820161026806, 0.012761050485945294, 0.009828103034633426, 0.006755347737901733, 0.008706208583304492, 0.019864599206775944, 0.01608823815552266, 0.018811101855148043, 0.027974524291227567];en-fr
[0.004318779902605452, 0.023264383884913212, 0.0063007516080714745, 0.0057179770816583155, 0.005127543224565104, 0.035102710255184036, 0.049748482689659285, 0.06553637583265919, 0.0750803571364305, 0.0842170085940112, 0.1291326181512947, 0.16143748681165224, 0.1792018758508005];en-hi
[0.003996024141427674, 0.0243639156834979, 0.007120561833459455, 0.006764886215078152, 0.00490549091219389, 0.025828887854780446, 0.030880203685980413, 0.03439709624354392, 0.03330117082844189, 0.0352393629572907, 0.06074929050674349, 0.05952196816545088, 0.05051520188586408];en-ar
[0.0041713961659115735, 0.018885252531836174, 0.00547651644664626, 0.005762478273651747, 0.004538966799615693, 0.01285727420487711, 0.017595797052478514, 0.0158393537550122, 0.012638450179474693, 0.012819455025140484, 0.0262922064866627, 0.036175414883521745, 0.014353020019019483];en-ru
[0.007920713486091698, 0.009462485510666745, 0.006906066689844102, 0.013547560548307355, 0.011969216862222876, 0.008647927284412847, 0.007018521067730045, 0.007663762303163829, 0.01143594980089512, 0.026273814174928616, 0.020564128191569327, 0.024613684710978655, 0.04146137064116691];en-fr
[0.005647242628474484, 0.021864169996794483, 0.005052791707136363, 0.005115412136183297, 0.004963646697603189, 0.03243768878049504, 0.04672250456009361, 0.0628696419818879, 0.07178104465114285, 0.0795793861789329, 0.11402491323632917, 0.15138069624871886, 0.15481234361281762];en-hi
[0.003933942540291658, 0.022400560662160084, 0.0061050078669646225, 0.007712606610084557, 0.008554218278150075, 0.02822017621354159, 0.03753062636914069, 0.04593036143111631, 0.05120062466155403, 0.05938568403151297, 0.08400536125741667, 0.09529117961959838, 0.08382339687222433];en-ar
[0.004673116515283851, 0.017359299078040444, 0.006438263970463062, 0.005294686859209225, 0.00611597776422667, 0.01161654131669818, 0.016171101939435113, 0.017725589014517065, 0.016603375150832038, 0.025635874834260827, 0.03997316237218912, 0.07067410578361874, 0.07296536459968325];en-ru
[0.007791863968838385, 0.006628757460421173, 0.005914666620237761, 0.010979108018567158, 0.011390722094862828, 0.005143405685357844, 0.005908082103354327, 0.01043741102034495, 0.014599415597864814, 0.026199846221328142, 0.019148089866163655, 0.019490052911036147, 0.014804228223122754];en-fr
[0.004656501466597541, 0.016494029887786997, 0.005189456531380764, 0.005540995810457994, 0.004890242599394707, 0.029536241619001348, 0.0444062363540312, 0.06075069335450585, 0.0697949392611312, 0.08062694025153169, 0.11529161497504274, 0.1435488801723836, 0.1587683107188789];en-hi
[0.00421705691808408, 0.018134261166075406, 0.00490217390047025, 0.005899839787528744, 0.00373171570756919, 0.0183723115839561, 0.025758828820811, 0.03255396920051378, 0.033621045935530364, 0.036981137023200675, 0.06664994910907482, 0.07905711018640393, 0.07574895640684816];en-ar
[0.0035208903856255303, 0.016230730783257354, 0.0069337379916120856, 0.004946591549175226, 0.004118029045142349, 0.01204863227062864, 0.015913907242938827, 0.016331111537498676, 0.0159606098806034, 0.023725325814545367, 0.04856576034578519, 0.07921169486105406, 0.07225829779570679];en-ru
[0.00796347727324852, 0.012969878171861645, 0.006537844201076745, 0.01112648865314439, 0.01183851119529811, 0.008911868572419438, 0.007686707641005376, 0.011584465877058376, 0.013400503217617245, 0.02520501758139282, 0.014940191867305653, 0.015127751292748359, 0.028720557268509323];en-fr
[0.0053353726510006975, 0.022973696443053374, 0.006118503016323961, 0.006188370244632737, 0.006809892563930274, 0.03870249038709195, 0.05434515554250521, 0.0707335960550942, 0.08119882126458845, 0.09099696128937165, 0.14392274181850873, 0.18832527082076342, 0.2020110456703216];en-hi
[0.004188720780536337, 0.023731159250310156, 0.005022935539912602, 0.0056678019319466744, 0.004387912155119316, 0.032537589718879864, 0.0429907988562262, 0.05002470351513088, 0.05514340189271049, 0.06318606058892336, 0.10639015601979437, 0.12763212867173368, 0.11605727031509269];en-ar
[0.004142605248877465, 0.024489865081559384, 0.006561249827459597, 0.006246970010694596, 0.004745465017719352, 0.012536004534122243, 0.0165855383976911, 0.019265792048269427, 0.019829316503467802, 0.026162304539223816, 0.04847513087520698, 0.06798340441135241, 0.06026519309625078];en-ru
[0.008666986222087877, 0.01838519025788022, 0.006185170772384271, 0.011368396927364285, 0.012081221528205795, 0.010191269915679643, 0.008856483796225924, 0.009943786013573095, 0.011912923627072101, 0.025692374165397876, 0.01473449015873481, 0.019447476512650597, 0.01452403472552126];en-fr
[0.0073300184790908406, 0.028403073643906575, 0.006413934432478729, 0.0065308491427094675, 0.005666417161276786, 0.03901392751831136, 0.05509844979897032, 0.07364651541081305, 0.08762730827015432, 0.099233060850335, 0.14181351560420236, 0.18135017263441167, 0.20147876176059082];en-hi
[0.0041436974638781945, 0.024354025358237157, 0.006484646285683675, 0.007387984364574253, 0.005513765142629056, 0.02166596141261233, 0.02855861991914333, 0.034525518929864746, 0.038744347171389956, 0.044162393323470835, 0.07083931061628394, 0.08457972522354498, 0.08106532333826186];en-ar
[0.0049034236781881155, 0.01984991023675925, 0.006097410465164231, 0.006685837984693242, 0.0055486558926228545, 0.013320870645353878, 0.016578350506291223, 0.017617847619415823, 0.015366268024906041, 0.03210508789180799, 0.03555597397382376, 0.05453248289129946, 0.050537875614415605];en-ru
[0.00921343858707891, 0.014222448326545418, 0.006869983466118119, 0.012568362626968062, 0.012924059085562434, 0.01077203763406336, 0.007558833583910537, 0.0093130663739552, 0.015755575127186672, 0.03326039947482057, 0.024646078070606404, 0.028113280466544537, 0.032351064344087084];en-fr
[0.00726658724461838, 0.025139778456747672, 0.005059647542373591, 0.006458143533803513, 0.0050665987796310345, 0.0400770803702943, 0.05646880814953592, 0.07452578754990101, 0.0836276422322044, 0.09010848866077141, 0.1508202232712455, 0.2018391717664053, 0.22319473176581003];en-hi
[0.0045840458393892536, 0.022561849883010535, 0.005596897471937621, 0.0059270926163420366, 0.004919826916120641, 0.03326519174224523, 0.04124743419186431, 0.04824973716776487, 0.04980161001611123, 0.057356549218432785, 0.08149233208057337, 0.09741647936168497, 0.09008001830494371];en-ar
[0.0036003882051590984, 0.02043929416887598, 0.006913993626843842, 0.0051696128944695345, 0.0036489750859982502, 0.014984499715504453, 0.021034559929272945, 0.01978514953934788, 0.015258717954820795, 0.024979642074443642, 0.039783925457765074, 0.06238903628582157, 0.053296414245318335];en-ru
[0.009613193512171452, 0.015094350868845743, 0.006503683741382061, 0.01355040237875376, 0.012941788345099955, 0.010192379155869232, 0.008440193625756466, 0.00836554069023512, 0.011170167319451283, 0.02162700244921619, 0.014118404504746381, 0.015427248074920848, 0.020108277364245263];en-fr
[0.0071496293877620016, 0.022044022912620375, 0.0053109159554801, 0.00597498993159206, 0.004835167573134305, 0.037118648564570915, 0.05138774896130289, 0.06490284700987098, 0.07168395070538583, 0.08057864923888715, 0.12469252178375129, 0.1568219794806402, 0.17175899199571512];en-hi
[0.004640240090933118, 0.026215774287096184, 0.007052518330792922, 0.007208672737930707, 0.005514733829986638, 0.02827443652314588, 0.03820843824783268, 0.04638308757719642, 0.049789840563086406, 0.0554160697690775, 0.09531543600574258, 0.12040058135181124, 0.1100847361584851];en-ar
[0.005094233152534193, 0.02082517784750961, 0.003931913301895902, 0.006727281979019604, 0.006952059630020826, 0.01148436839779016, 0.013605472265844626, 0.014638318103849662, 0.015705772452978137, 0.03351150770506742, 0.03227325868904432, 0.04903995081277861, 0.04388150915125122];en-ru
[0.008204879377735777, 0.012563109108668863, 0.0066241411727181315, 0.011277700269292866, 0.013296436945238405, 0.007260474505198226, 0.006861663112783025, 0.012040019582394305, 0.018141317677485298, 0.03521790184616596, 0.01765736942422015, 0.01837715549564282, 0.0160920117124141];en-fr
[0.007282703003317391, 0.02195839573801398, 0.0048327375303972514, 0.006803581729394277, 0.006208828712963929, 0.0368738634988995, 0.047027719964814196, 0.0584128552185091, 0.061402042615700404, 0.06560371995692552, 0.0999518980273571, 0.13188086258131032, 0.14488527466329582];en-hi
[0.004181286127059141, 0.022116607843733312, 0.005610977618350712, 0.006480567440627655, 0.004830559836579276, 0.024825800287975014, 0.03143313655345993, 0.03805903422159946, 0.042438711197719345, 0.05099917851369055, 0.07685991506645246, 0.09288851090073846, 0.07496472206653033];en-ar
[0.004154456804511327, 0.01667010759078645, 0.004786441901359243, 0.004962397407874377, 0.004536157092103813, 0.010818528015306594, 0.012666452210905853, 0.015361200123722094, 0.014947418141564327, 0.027546267394136445, 0.03087079616295025, 0.04423506739583309, 0.03832051308961462];en-ru
[0.00785250216848606, 0.00579901771081497, 0.006371303582316159, 0.010325401517999743, 0.010683834251952566, 0.005227001216426419, 0.005759329333401911, 0.010174568465869591, 0.012568899206265478, 0.02018228797474883, 0.014201542977874154, 0.016403049411770506, 0.020624987666159864];en-fr
[0.006875851383301791, 0.01845348878084528, 0.0048026634174497445, 0.005538968821674649, 0.005123385687935889, 0.038125800884828635, 0.05568739770478709, 0.07640691577927405, 0.0898836824952255, 0.10436908149757071, 0.15138279265387017, 0.19450875113861357, 0.2133089439287144];en-hi
[0.004240153895225386, 0.01895263795546877, 0.005769423458602503, 0.0064414529070321485, 0.005948778869375641, 0.022364456635271673, 0.030660614936350566, 0.039436560082067466, 0.042510444045171, 0.05008358676835379, 0.0752516076451624, 0.09349037955393849, 0.0884259067848814];en-ar
