Value;Language Pair
[0.009290040942855113, 0.013857667938488681, 0.004987686166206814, 0.0097886065570409, 0.0263424637295807, 0.013701920725341842, 0.013568310859820756, 0.010509343879547878, 0.008969631483699553, 0.012339648970882989, 0.016588232115571352, 0.017133658115074293, 0.005399555809970412];en-ru
[0.013188853004112417, 0.007182040524471367, 0.009549967287004437, 0.015041178455795943, 0.02305639310860803, 0.006093704103122458, 0.008356193757275816, 0.008984074539406747, 0.010232498768402015, 0.013703624880064531, 0.018558214840664212, 0.01990935591660941, 0.005692746996255077];en-fr
[0.0124973094250274, 0.011258684513775447, 0.00692511536666246, 0.010368842303527621, 0.018632629785502487, 0.005334683008202211, 0.004664231890964098, 0.007714083195946275, 0.012192555013628202, 0.015229320528179421, 0.024211516346188282, 0.027154461979555712, 0.007891584281493077];en-hi
[0.008027553789238452, 0.015190566187722737, 0.0036301619322746713, 0.004208457395608641, 0.010060091269462307, 0.005502573798485008, 0.003519807266933726, 0.0026914524384278743, 0.0018822115980497308, 0.0028469694337923913, 0.008691069132333196, 0.010989678531072262, 0.006945292610040815];en-ar
[0.009674902765950285, 0.01512116099999629, 0.005198508110815503, 0.010081707228788317, 0.02548548369898834, 0.012513829736380178, 0.01328641144999056, 0.011217161809288596, 0.010408620727064579, 0.014741058285885986, 0.01928493591250745, 0.019924114084903227, 0.004507029545954611];en-ru
[0.013315045759677445, 0.008069711145491265, 0.009917114019916504, 0.015343586435057151, 0.022839800982273763, 0.00658617447913987, 0.009810144399283056, 0.01102667640877165, 0.012631193987588716, 0.016418297009079905, 0.022186286774013637, 0.024615313693481317, 0.003550626554305781];en-fr
[0.01359744041725895, 0.013355980948769998, 0.0076353445908659825, 0.01160016608902128, 0.019491870693524545, 0.005906068072423643, 0.0048835464640512236, 0.008383093148769737, 0.013123209159032596, 0.01688083620492513, 0.024919295082104578, 0.027765012415537443, 0.008414701425411855];en-hi
[0.00830597088050626, 0.015931174305950185, 0.0034655843456195515, 0.004529551490433418, 0.010832589041395835, 0.004862234902046625, 0.0027069017594323628, 0.0023325350497890225, 0.002886522335481609, 0.004834928366773293, 0.01112306338570267, 0.013018706595239123, 0.006467657513144378];en-ar
[0.008630838175317283, 0.012934443548342533, 0.004917528860315499, 0.00916944457111518, 0.02502574316400364, 0.015141700669090062, 0.015315634200702855, 0.012475888908780729, 0.011218168215102412, 0.01550620150100889, 0.01977739124330974, 0.019832446044226945, 0.004675542109243053];en-ru
[0.013608307892700917, 0.007036124885556912, 0.010206795380514262, 0.015839738317973067, 0.02268235745438197, 0.007023423174780446, 0.010615434651240334, 0.012211373975070407, 0.01424080244554897, 0.018358079005699905, 0.023582353082469636, 0.025002489746087, 0.007847459999553039];en-fr
[0.012428586242027199, 0.011149698440361433, 0.006463060256954322, 0.010337124241790294, 0.01714333476345324, 0.005982687395305419, 0.004681107041187442, 0.008374560581706068, 0.013373010724559608, 0.017006997719075868, 0.0260826130734384, 0.028648106677961162, 0.0107892493884966];en-hi
[0.008091104453443732, 0.013999744267688059, 0.0037680601150540793, 0.004386318528315052, 0.009523196890399667, 0.004928439901873562, 0.0027035697021672873, 0.0020678972068959834, 0.0030181758104621706, 0.004920730967127954, 0.011751919113001082, 0.013557548734399365, 0.009686130833241827];en-ar
[0.008728475356676538, 0.014144409596322897, 0.00465616882932716, 0.008833261130003251, 0.02571640884945034, 0.015095603574927811, 0.014981724965424893, 0.01168375496635266, 0.010079468696878993, 0.01396958695217632, 0.017128393568075845, 0.018122707413208233, 0.00492454410443138];en-ru
[0.013655857597919076, 0.008330349704339237, 0.009677094375431697, 0.015829117764768332, 0.023851670313078933, 0.008310596083588646, 0.011906803939477625, 0.013587206902858867, 0.016033534925291713, 0.020904301167481303, 0.02813699448929155, 0.03088529726496055, 0.007322378102968664];en-fr
[0.012247660988337883, 0.012921655140825859, 0.006492329031644045, 0.00997842748641457, 0.017152938805933417, 0.005501773915832106, 0.005309386134524478, 0.00893189056911707, 0.01380762839049866, 0.017429018675746148, 0.025882997213152816, 0.02871834387376676, 0.008013490857117783];en-hi
[0.008031508278158898, 0.01608107977435868, 0.004015465676816657, 0.004197883910354204, 0.008996558642324223, 0.005382352273869698, 0.0032852636648123008, 0.002400938825605812, 0.0020171416572845537, 0.0035610570419953354, 0.009471753363098516, 0.011791627208362033, 0.007798564374447799];en-ar
[0.008554638130735443, 0.013639151264375912, 0.004869662941940559, 0.00861147010633957, 0.023352650111367456, 0.01191246434017565, 0.012097671416809735, 0.009399087870061554, 0.00795833288443482, 0.011136780274945211, 0.014333932188084424, 0.014346242627509873, 0.004867001378830792];en-ru
[0.013883395296377606, 0.007725365648485252, 0.010302498104415385, 0.015923152213372115, 0.021938381317846308, 0.005179615752088652, 0.00838106809307447, 0.010254999402221833, 0.012301796834620236, 0.015705536077065603, 0.021962338697384523, 0.02361816724605173, 0.006662755643932308];en-fr
[0.01275956975414265, 0.0117461964584832, 0.007045672206596725, 0.010217532912655833, 0.016651325739850478, 0.007792149878746027, 0.003885673506108767, 0.005615069353206802, 0.009920962733021947, 0.012962727724021255, 0.021286118945134956, 0.023638827834064964, 0.010488307396441503];en-hi
[0.007893620693940022, 0.014877086673579213, 0.003604329830807327, 0.004375557163827614, 0.00850914388994126, 0.00706296368334176, 0.004703048404933092, 0.0035608010877538326, 0.0025660451600150237, 0.0037185711912350555, 0.008796325800333923, 0.010437553365700708, 0.00737181162843749];en-ar
[0.008833207703065544, 0.01358929973595014, 0.004906909718731326, 0.00928202149891819, 0.02614448652316363, 0.016116414392370614, 0.016088277589688768, 0.013184344865283191, 0.01183497888074596, 0.016221337248094957, 0.020654197468459493, 0.02075515752543447, 0.007955189989300232];en-ru
[0.01385650468751449, 0.007790912858126362, 0.0102616556413154, 0.016218350035642246, 0.024115127157274804, 0.007435423071695403, 0.010589724378508459, 0.011951294667576969, 0.013858428498407988, 0.018181266868391985, 0.023535565395698205, 0.025033232232096483, 0.007999306837417132];en-fr
[0.012362505666197988, 0.011284631022156549, 0.006886863057201199, 0.009989736977227737, 0.01802595622429651, 0.005700196827871446, 0.004364452735889949, 0.007769798013741204, 0.012305993786187644, 0.015997789008955064, 0.023828509208897015, 0.025990204350218073, 0.011165600369611268];en-hi
[0.008228929153841599, 0.014443768888679678, 0.0034701250762637784, 0.004476209019339833, 0.0100809876453698, 0.004759980345768967, 0.002682113641761157, 0.002213342459124197, 0.0026520617793334388, 0.004261521037453685, 0.0106744131902038, 0.012546515715758108, 0.0062048754273145695];en-ar
[0.008592388394638092, 0.014078226134453099, 0.004804291282677344, 0.009047336071309864, 0.025561692880924473, 0.015922748302066123, 0.015936945586276206, 0.013080083550780337, 0.011776485215021903, 0.016051425971956548, 0.020076262418572834, 0.021022259675575923, 0.004568847959363614];en-ru
[0.013696140290822972, 0.008216862789309814, 0.0104735412249593, 0.01649063277266078, 0.02468832392453408, 0.009228480676661238, 0.012762053921128476, 0.014561225086981098, 0.016895290176646153, 0.021958421378704965, 0.03051502134268417, 0.033565148993424096, 0.005430673937644589];en-fr
[0.012378145226487634, 0.011925136472801611, 0.007064280025938853, 0.010659469668148434, 0.01755701195706311, 0.005544987806733908, 0.004935960461676834, 0.008782769546974831, 0.013829849085560205, 0.017635307249189842, 0.026688923871416123, 0.030058168306640733, 0.01456022916684888];en-hi
[0.008171249747514694, 0.015719318007032634, 0.003763869310865036, 0.004406376473063342, 0.010574420918594778, 0.003996905327908676, 0.002586208552740161, 0.00346261529847782, 0.0045594195233617935, 0.006648556281547524, 0.014473490661777715, 0.016784516623512827, 0.006563623505522385];en-ar
[0.009204285949405741, 0.013247132506159134, 0.005036585549177233, 0.010247468847801533, 0.025951529452980557, 0.013785584079819682, 0.013937293767675482, 0.011416841449971201, 0.010653497667030104, 0.014924190455756813, 0.018475859763692343, 0.01916762661752687, 0.005889197983096496];en-ru
[0.014147730920272859, 0.0068701283988228425, 0.011147342371194257, 0.016861425191851197, 0.02356276174522954, 0.006643845193284106, 0.010156199392244158, 0.011896565529168554, 0.014236050715828785, 0.0187388641046321, 0.025584717748884885, 0.027702175568986374, 0.006303223958454675];en-fr
[0.013081647302826412, 0.011532705001772498, 0.007943748095293166, 0.011448819467167314, 0.01893865587829419, 0.005787537460272677, 0.004975557336084137, 0.00858740884400461, 0.01343640788458852, 0.017141601628647744, 0.025365747401021814, 0.028043055416222047, 0.012329978187070453];en-hi
[0.008344151398085736, 0.014861333294329558, 0.003432905171838886, 0.004567636035231823, 0.010324544657501478, 0.0052153394076068236, 0.0030923279489036767, 0.002363899901715741, 0.0022528599257074823, 0.0036917026376236516, 0.009708793873624177, 0.011881158178789285, 0.0064091181722701306];en-ar
[0.008796131356270262, 0.014356215549265828, 0.004910973089467333, 0.009473511999803329, 0.026196065588568327, 0.014327677766558196, 0.014118045036035467, 0.011154602006552262, 0.009535742970739898, 0.013336973255801592, 0.016660764691593104, 0.017650853275967437, 0.005205515958024627];en-ru
[0.012925078683051363, 0.007822836312498497, 0.010040375420239783, 0.015305188095056745, 0.02361433026370851, 0.008954800720334501, 0.011946848420067295, 0.01314456935012845, 0.014454841279334512, 0.018832342288521882, 0.024375684619546662, 0.02654185731588176, 0.004420623998922968];en-fr
[0.012922162627604306, 0.01158971468590834, 0.007037183765572656, 0.01089588147138705, 0.017638947093318116, 0.005996073571698003, 0.004788806792545807, 0.008526894498929785, 0.013276593414854949, 0.01669406500570486, 0.025107021188220315, 0.027656788506695795, 0.006453112857809827];en-hi
[0.00809951992745987, 0.015746304649105845, 0.0034504565127165565, 0.004499776224976888, 0.010279613651823276, 0.00474960911150292, 0.0025576188159998976, 0.002320801938320473, 0.003015517499528511, 0.004768190109741206, 0.011387867964533933, 0.013224054413986391, 0.005115917763007741];en-ar
[0.008894886515283279, 0.013485708993771925, 0.0050244162146505615, 0.009411954133529318, 0.02622328046766436, 0.015686434715628077, 0.016074388653640727, 0.01358959820544469, 0.012669839794930375, 0.017118973581585314, 0.02222877766446093, 0.022670875672492548, 0.004458936036154112];en-ru
[0.014092163907507843, 0.007834774324109187, 0.010536072095279366, 0.016159002381060328, 0.02395707459281064, 0.006581049728528512, 0.009706168454275278, 0.011233091815834078, 0.013332635848203636, 0.01740891004210169, 0.023499526722614225, 0.025163160204524755, 0.004711731390131788];en-fr
[0.012637534609433815, 0.011581229730614262, 0.0068887272043711666, 0.0103981213827407, 0.018336639482882302, 0.005660501764698336, 0.0046844049692351345, 0.008161029784805818, 0.012858100042917271, 0.016206702024097904, 0.023735813008413018, 0.025752896952763147, 0.007393582886219923];en-hi
[0.007959807641545786, 0.014497935956709054, 0.003920540012770896, 0.004287196817820704, 0.009248945481938222, 0.0052938159821496415, 0.003032233366774521, 0.002104762697058997, 0.0020352567115757797, 0.0029579018448086187, 0.009022892422182398, 0.010389771524820868, 0.0047747869563356995];en-ar
