Value;Language Pair
[0.023830124199385398, 0.016326408421709286, 0.0167214368066741, 0.014033781116756305, 0.012636204372699312, 0.012934898467448363, 0.019033519211599122, 0.02379087134641109, 0.02908191910171919, 0.03280534994653222, 0.04005421584335717, 0.03619904103680096, 0.008441122697006037];en-ru
[0.008403552101390694, 0.00978907411339485, 0.010949348634319327, 0.010660810018027019, 0.010042020707711622, 0.013271740576876068, 0.019166939563129745, 0.024728791599937183, 0.0308593169134079, 0.033051819015796846, 0.043440236405462324, 0.04080189759753843, 0.010296670499020616];en-fr
[0.03504736642260919, 0.03874399833391996, 0.024426347009633767, 0.01847423340085779, 0.014962124056108974, 0.007622140808028856, 0.008540911946563739, 0.019290457278436722, 0.028359574952866812, 0.03259186241959741, 0.05378101949983842, 0.06026574870843245, 0.012327460826985437];en-hi
[0.013967112301252766, 0.024274971357621626, 0.013972531527739297, 0.007417488255823228, 0.005875124971611483, 0.004621880227241546, 0.009476990483934931, 0.02222643917798536, 0.03928765951650813, 0.056435516107244926, 0.0948947807115364, 0.08928054195066994, 0.04490990745501049];en-ar
[0.02321298286932652, 0.01535682836544592, 0.01530721386350176, 0.01316623488453453, 0.011511128328214491, 0.012004135592287427, 0.01783315920349927, 0.022512126846423536, 0.028409311406790348, 0.03238982363381842, 0.04084786064805917, 0.0363056169870625, 0.007896344220106388];en-ru
[0.007479868833454194, 0.008980660006585862, 0.009810228094321334, 0.009576615892648797, 0.00892255819945431, 0.012120459204927445, 0.017758625648447643, 0.02326133548828127, 0.029968085175032716, 0.03211370064744331, 0.04310071935288331, 0.04017345395469176, 0.009930179915725437];en-fr
[0.03528236094576732, 0.039908772161850174, 0.025613149305755957, 0.018985526817936697, 0.01549335163704839, 0.008642872974317829, 0.006680814747059968, 0.016855530157252618, 0.025850199930967658, 0.03019134071114492, 0.052301488818469126, 0.058995585104687234, 0.01221319422497903];en-hi
[0.015391313401546055, 0.02631635752099139, 0.015752422643473478, 0.00806721625269865, 0.006568719689395566, 0.004050849505836082, 0.007485261105950266, 0.020094993045362324, 0.03658707478988537, 0.054650352052593935, 0.09292023470807989, 0.0866894051819407, 0.04180707355377942];en-ar
[0.02307245210340341, 0.015742263701600496, 0.016070513391258996, 0.013486178294009653, 0.011916514596219391, 0.012518336328860381, 0.018768258188097017, 0.02365156262751039, 0.029535770558947932, 0.03313179210586205, 0.03964600456205304, 0.03385056896088372, 0.005359425510204815];en-ru
[0.008393007417546349, 0.009518504161702523, 0.01029595260794617, 0.009949519507196105, 0.009429600068248351, 0.012573233573748163, 0.018307071611790456, 0.02425677807350364, 0.030175267833621122, 0.03275906751082153, 0.04294398491312973, 0.03925956408460126, 0.007665497013150444];en-fr
[0.034756082506995724, 0.03872819417758915, 0.024621006751466643, 0.018343864111727826, 0.01509644038039362, 0.008244104667348024, 0.0071640387599104455, 0.018108374580624836, 0.026845137660500923, 0.03122288708260555, 0.05216094327180458, 0.05743814076237278, 0.012028662319434532];en-hi
[0.014254246280789315, 0.02390746375591033, 0.014009294816508384, 0.007232119967971266, 0.005860269273236966, 0.0050174174817286124, 0.010111878311637738, 0.022735487256604563, 0.03915321539875604, 0.05592712132827656, 0.0926044508712304, 0.08456357284153852, 0.03631837674464623];en-ar
[0.023648281780885246, 0.016218095947520085, 0.01644975053293248, 0.014142494549088173, 0.012282005704321608, 0.012895802373008499, 0.018524667490572362, 0.02345020000592087, 0.02959823929677164, 0.033962191754596104, 0.04118021851651511, 0.03613109784844088, 0.008169346331476326];en-ru
[0.008656403009604881, 0.009452404633038092, 0.010453106358532851, 0.010539831897319558, 0.00986048220669061, 0.012948513955867918, 0.018468291208708458, 0.0244095230855898, 0.030341274140805508, 0.0328761766251653, 0.04295780003590599, 0.038973356679235564, 0.007749616071695503];en-fr
[0.0334899648036423, 0.03745591611990741, 0.02362635625427339, 0.0176069715002588, 0.01471870590402357, 0.0077272819091343805, 0.008030744396065574, 0.019262308005644713, 0.02808647731138458, 0.03200022032468516, 0.05232411076178814, 0.05734330513765249, 0.012671293565645487];en-hi
[0.014347538695334085, 0.024637591631188328, 0.014519944620799584, 0.00750169947038943, 0.006024128360511293, 0.004533789737819277, 0.009517925491417535, 0.022254358453123534, 0.038807203894552104, 0.05589321575380629, 0.09283342533690637, 0.08443474964144237, 0.040070486038510364];en-ar
[0.023840971005169208, 0.017256027939687304, 0.017229837963084832, 0.014696555009124632, 0.01288127921034214, 0.01351781010373923, 0.019854203727575917, 0.02491181629025303, 0.030746883727214576, 0.03479414465940528, 0.043667131732617374, 0.03965980092058384, 0.011949391142880185];en-ru
[0.008908508206279404, 0.010191909025361058, 0.010804317063189918, 0.010650236789857654, 0.00996513447416455, 0.013224516324547122, 0.01910071282639981, 0.024777154639781605, 0.03017347156668635, 0.032603933810354715, 0.04398545053656379, 0.042394053781683066, 0.013041627528655174];en-fr
[0.034574462925243805, 0.03752238852397318, 0.023541136931533445, 0.017516729123109434, 0.01408571738538261, 0.00701338334209722, 0.008929878878361735, 0.0204700211469839, 0.029226821654831953, 0.03268210053926508, 0.05353067592118955, 0.05872467327091389, 0.011888444221285287];en-hi
[0.014307368087160406, 0.023602383404158316, 0.013711675420966806, 0.0072239329558895175, 0.005926651473556548, 0.00549411596988216, 0.010727197046843058, 0.023759328335124688, 0.039657719484371357, 0.05670477393257057, 0.09406861628485648, 0.08713943471949859, 0.04243819061233309];en-ar
[0.023443155698492993, 0.01647456652004944, 0.01632132394425381, 0.014060541848640272, 0.012710828856879137, 0.01299551524339227, 0.019759204237872058, 0.024666923490975053, 0.029969259433980776, 0.033566701663500134, 0.04008616668029259, 0.035555551436472786, 0.008024930880347503];en-ru
[0.00875808522764621, 0.01014696472584263, 0.011005228983616623, 0.01073238310482835, 0.01021803220069381, 0.01308776711876784, 0.019210934589625653, 0.025010744195049155, 0.03026183812024205, 0.0326159208163603, 0.04281221249894202, 0.04045248674035173, 0.010691740471420439];en-fr
[0.03338233047379362, 0.03730976450820725, 0.02349634957497241, 0.01713919082827559, 0.013720868020923888, 0.00710091064540688, 0.00918180069647449, 0.020520643286020015, 0.029383390266157376, 0.03301625521132105, 0.05313365233726263, 0.059074094021311106, 0.01215478075355515];en-hi
[0.014450430984619839, 0.02443331957178541, 0.014318155285151733, 0.007296888631095431, 0.005591528570613954, 0.004696053081363087, 0.010020123203971087, 0.022995989264176852, 0.03913956618370675, 0.055882483919358454, 0.09270747526326803, 0.08518610631505863, 0.04140830391060839];en-ar
[0.023237124896293277, 0.015602096941600415, 0.01597819998743545, 0.01335342902474539, 0.011627245464859305, 0.012441606443927899, 0.018840548199721467, 0.023573812126267444, 0.02971202427221188, 0.033095306142156236, 0.04008855825694455, 0.035328107204911884, 0.0070578047312824434];en-ru
[0.007864486686238105, 0.009189739504815433, 0.009974632147384798, 0.009458920960827396, 0.008910254565961855, 0.012116843653614207, 0.017943820064165315, 0.023287608061174338, 0.02881342754212671, 0.031005096804049094, 0.04122861044481839, 0.0393988857230054, 0.010583240170368763];en-fr
[0.035755560571052086, 0.039985620230740676, 0.025854759278769467, 0.0195013902083613, 0.015937630868329375, 0.008737924166509672, 0.007551520796650598, 0.018466940303396642, 0.02708983924526287, 0.0313056557107092, 0.052891284654547795, 0.06086653375988593, 0.012696508711124412];en-hi
[0.015654865597176184, 0.02619224842969509, 0.016061077665602393, 0.008618346757050432, 0.006992164857936182, 0.004049547676929264, 0.007951340226739618, 0.020322616533653824, 0.03719572266699548, 0.05470710693313289, 0.09282147242544014, 0.0873456375867672, 0.04304532544324507];en-ar
[0.023314523791042485, 0.015865264062854923, 0.015791066444231776, 0.013444888797682988, 0.01218251770688056, 0.01298275561945826, 0.019043334339651614, 0.024784835574657427, 0.03043470595676995, 0.034519711198353606, 0.04238328528217294, 0.03807045341235086, 0.009521427952188343];en-ru
[0.008277884552988182, 0.009500234490177829, 0.010291251885244495, 0.010511209558854248, 0.010236027140512138, 0.013611988861307846, 0.019375826509021647, 0.025226413232519042, 0.030107602741829442, 0.03237931752117746, 0.04282977355812154, 0.04080404061273997, 0.009249485524855453];en-fr
[0.03455993053591799, 0.038863497761916575, 0.024329085763677698, 0.018047316549480993, 0.014335430008114177, 0.006921358290654047, 0.009088988049000976, 0.02070270629496899, 0.029447275963364623, 0.033149811817483846, 0.05461081539973862, 0.06087349318397574, 0.012401005068596198];en-hi
[0.014161579854027731, 0.02472570934615802, 0.01423508536645128, 0.007274913804267713, 0.005758208084516455, 0.005866494204011177, 0.01103310380210116, 0.024355772808383372, 0.040409223867761114, 0.057264750323049514, 0.09429036079744599, 0.08720833322705117, 0.04223850171229414];en-ar
[0.022575536452229567, 0.015454489785270524, 0.01563056490881292, 0.013134668182007855, 0.01180656635072033, 0.012356889064516895, 0.01810626415968341, 0.022937835108026397, 0.02892154594195744, 0.033787809113119266, 0.04162525882075367, 0.037544602710958656, 0.01047578096770285];en-ru
[0.008056269976114078, 0.00948162862517936, 0.010167397963859235, 0.009653839717783027, 0.009386344240353431, 0.012403827501472871, 0.017537412431474168, 0.02300869988804693, 0.028335759170752005, 0.031148875163535893, 0.04077664486309173, 0.03700664295555051, 0.006329363867051223];en-fr
[0.034508110835345225, 0.03826114840934155, 0.023830614422784262, 0.01769305267862018, 0.014081500926016373, 0.007115902661579597, 0.00830855519656238, 0.02016988414102984, 0.02986643734680758, 0.03510695067866789, 0.05694096707565185, 0.0646055689464815, 0.013753922432738602];en-hi
[0.014126866325212045, 0.024061119927101634, 0.013749723153908289, 0.006973164024780621, 0.005625578517249855, 0.004331801080503165, 0.008643126486403762, 0.02143079649100976, 0.03791228476062427, 0.05591704204444777, 0.0937969014417261, 0.08721763690394861, 0.04300984357959161];en-ar
[0.023961187356663007, 0.016845054448165375, 0.016700906091390636, 0.013985669274943116, 0.01288846915416977, 0.013565967849107855, 0.01958790101923907, 0.02455888555248316, 0.0295185389995326, 0.03312414174988826, 0.04069045189373197, 0.03575316184291124, 0.0071803115867409275];en-ru
[0.008721484235107805, 0.010009182097827325, 0.010784062588560475, 0.010369724935933512, 0.009825317361477752, 0.012906275053639055, 0.018316894905035536, 0.024409927200928976, 0.029247278173509667, 0.03219109030277192, 0.04357927983304681, 0.041137220310456975, 0.011277218807329292];en-fr
[0.03464679135800567, 0.03850360241199307, 0.02433833729623719, 0.01804569379416977, 0.014400001768340324, 0.007570419405098101, 0.00793865775795784, 0.018591906068379876, 0.026890440604432752, 0.0314436958567891, 0.05323031499456556, 0.05931449078287743, 0.012256935111460473];en-hi
[0.014768316731328345, 0.024686116546959784, 0.014342783611637886, 0.0075126432588956925, 0.0060512296095951296, 0.004685424218379098, 0.0093724805326796, 0.021787342850408155, 0.03727725087551138, 0.05506716373889053, 0.09350371640615389, 0.08663505649846405, 0.04060502939884693];en-ar
