Value;Language Pair
[0.6431791332371843, 0.4402044641843531, 0.44819636171644867, 0.4648158777935896, 0.5782246302980153, 0.6487266366695985, 0.6801399478999277, 0.6812344026907037, 0.6544372480975774, 0.6027652745181694, 0.6384099131906017, 0.6391394399552761, 0.7596082431978236];en-ru
[0.6764911039538372, 0.5296584118165386, 0.5228779786763091, 0.5230029370884101, 0.6110149838358242, 0.6906363530363887, 0.722950409433494, 0.7351644804096334, 0.7311927947933146, 0.7153387045561491, 0.7491106251708698, 0.7709055723894077, 0.8339528309173572];en-fr
[0.6204758675326594, 0.363060136641919, 0.36167780950898304, 0.38490940142869173, 0.460815275513293, 0.6242749031268371, 0.6637321906350553, 0.6857502874406055, 0.6828701932379044, 0.674628553429308, 0.7038024975565107, 0.747663433313913, 0.8479753965744748];en-hi
[0.6165370986176034, 0.3330699948745314, 0.36533248671951396, 0.4020574809690394, 0.5466193319386973, 0.6572108692196585, 0.7029678540327586, 0.7308694115824377, 0.7430241784709506, 0.7239940989754784, 0.7520028134070648, 0.7578231821674853, 0.8293150612525642];en-ar
[0.6524579876589511, 0.4298300861431441, 0.45113172397735374, 0.457518037877162, 0.5531323257683349, 0.6396604836468275, 0.6715417911283051, 0.6828372654753426, 0.6596567616549631, 0.6226294096650478, 0.6687692050853123, 0.6873969370972676, 0.7957089295820333];en-ru
[0.6889687581267208, 0.522054288374881, 0.5106948063681678, 0.5095291119099905, 0.5963948502946005, 0.6756930136102407, 0.7087740028059731, 0.7301217179004258, 0.7363396118480402, 0.7286352614080533, 0.7602267202013172, 0.7725811316041896, 0.8373939427935208];en-fr
[0.6199003192984188, 0.3656065588754185, 0.366854063066894, 0.38231928833337103, 0.4736551423522178, 0.6340081840956312, 0.6732405888506522, 0.6973670676156568, 0.694448942670521, 0.6779478424337382, 0.7049926735344343, 0.7353938991378527, 0.8353329984222849];en-hi
[0.6296021790911133, 0.33379883287164075, 0.36618330228452883, 0.3987613890040302, 0.5336304677572722, 0.6421014305530116, 0.685569234242818, 0.7155976383772213, 0.7254733240356048, 0.7173815961694345, 0.7380132446678666, 0.7477183919291323, 0.8355230533114324];en-ar
[0.6335880714341087, 0.4291154328306584, 0.4445286232533787, 0.45641258390581546, 0.5406322282187951, 0.6355629851661312, 0.668733679796181, 0.6768107450436218, 0.6521206138054064, 0.6112916055965858, 0.6463681675660579, 0.6567511771436936, 0.7728278303864257];en-ru
[0.6648752861846393, 0.5105739445778696, 0.4959935377243285, 0.503963281622855, 0.5831893563721678, 0.6709657038693937, 0.7080316665659969, 0.7287342944162568, 0.7336052897262076, 0.7324513218024125, 0.7615746291709365, 0.7755230780535688, 0.8320260334786144];en-fr
[0.604024033472718, 0.36630569239796995, 0.35641989555112863, 0.37133329861438447, 0.45890418770179775, 0.6292379921960431, 0.6723840041311148, 0.6948579555439452, 0.6914129785913974, 0.6902574702606459, 0.7122155968255053, 0.7472921264381148, 0.8372216146889453];en-hi
[0.6154208673218575, 0.3329741947554673, 0.3614101159044852, 0.400001179020522, 0.5368288305040915, 0.6464295577762338, 0.690767465706449, 0.7206173819598432, 0.7277044493782644, 0.7126399588088195, 0.7328025576037666, 0.7417240021994803, 0.828830272743168];en-ar
[0.6344808494113385, 0.4448036919318838, 0.4556234367982446, 0.45889805730674804, 0.5390386720610938, 0.6231644217428403, 0.6643138566357084, 0.6827271717709179, 0.6567410686408403, 0.6054794705123641, 0.6397825061525995, 0.6435714260779787, 0.7514768724931249];en-ru
[0.6829839377632986, 0.5289769172319211, 0.5173769643093207, 0.5135239121511889, 0.6058318384540811, 0.678411911506361, 0.7162318975230058, 0.744547091658848, 0.7521955686280853, 0.7507421628874726, 0.7801477097747072, 0.7977214791940059, 0.8302819130484326];en-fr
[0.6149452737136744, 0.37388782202069704, 0.37175227587877696, 0.38905973092259954, 0.4629182421029933, 0.6307125496957451, 0.6742547251097858, 0.7028903480615312, 0.6974085766760012, 0.685767279411666, 0.7069756111095193, 0.7409008270742682, 0.8330454692876083];en-hi
[0.6078991885723857, 0.33879330481693615, 0.36625173916865605, 0.4037350841028577, 0.5438511291534329, 0.6591123131520968, 0.7075676038181458, 0.7455107305695613, 0.7507532744606336, 0.7303808757915007, 0.7475952287365605, 0.7564621482563234, 0.829539073581982];en-ar
[0.6368987256333154, 0.42781005258875665, 0.44330514391728987, 0.4570008798467946, 0.537913668245601, 0.6294805808544819, 0.6720213838030273, 0.6938028403856636, 0.6768408119352535, 0.6294993360154331, 0.6730013738603642, 0.666401569833979, 0.7636597915156744];en-ru
[0.6762914465158246, 0.5260325132199796, 0.5093185120332054, 0.5022674022261829, 0.5797467305053335, 0.6748488159539799, 0.7157224063222142, 0.7487194861727766, 0.7661327190355708, 0.7714314664838214, 0.8016465525053597, 0.798173154545948, 0.837576421200453];en-fr
[0.6022254094039575, 0.3584565465017416, 0.35565238329717735, 0.370207696268335, 0.46388473820814397, 0.6299862167284785, 0.6719197704392719, 0.6992212134448346, 0.6986305197863839, 0.6932122786475035, 0.7129464844460988, 0.7344196512548176, 0.8311848457242983];en-hi
[0.6034989629785438, 0.3322695422797794, 0.3581116054053806, 0.3995498343879202, 0.5403715075630073, 0.6499781505538461, 0.6965996211689587, 0.7291104074792626, 0.7423061089741532, 0.7383736002907002, 0.7536210218227158, 0.760429718697754, 0.8346755214078196];en-ar
[0.6450915266480297, 0.4357043673020477, 0.44758801311021673, 0.4570647197725339, 0.5597251579281874, 0.6456622886704281, 0.6823750537901652, 0.6947512201126664, 0.6623342991309862, 0.6054856111671931, 0.6425972826033831, 0.6435001133685, 0.7562249189273764];en-ru
[0.6798177402579071, 0.5205314715456916, 0.5052871650469024, 0.5113416600304966, 0.6030165361612065, 0.6933786782450625, 0.7314424647503377, 0.7497022544817689, 0.745839935648255, 0.727346661965421, 0.7589935158546238, 0.7665967466061314, 0.8307179991979501];en-fr
[0.6197656807896177, 0.35294704548995165, 0.3568744965101359, 0.38918919930933044, 0.4717407177151957, 0.6375198937089105, 0.6745822372683324, 0.6946900545029591, 0.6867539660849918, 0.682241731841738, 0.7087736452673562, 0.7428831480590937, 0.8318082550486239];en-hi
[0.6115788005144956, 0.3437658661749447, 0.36660862290184015, 0.4060577445939028, 0.5524193691819286, 0.655407093805261, 0.69720794281915, 0.7246216613434565, 0.7299146339048942, 0.719361697563824, 0.7387268054875312, 0.7451499128221379, 0.8258705594859203];en-ar
[0.6382020055867421, 0.436108930681609, 0.4448463830448842, 0.4585107395068917, 0.5425955002547683, 0.6081857784437792, 0.6304756734791833, 0.6237955435078281, 0.5941636661362524, 0.5515958004863932, 0.5846219834079966, 0.6101130811485928, 0.7529499114817009];en-ru
[0.6705374357697049, 0.5261854561429936, 0.513084664537261, 0.5144459847228912, 0.5911798751486155, 0.6572575054647556, 0.6857899681909475, 0.695262399679826, 0.6871815872782221, 0.6765392101959636, 0.7131115601126415, 0.7480646277727404, 0.8310935300200557];en-fr
[0.6108032142786154, 0.3605227386834061, 0.35333682050915133, 0.38437457698727184, 0.4707141393033089, 0.6087730682146503, 0.650656056086688, 0.6730108485727881, 0.6746023451117799, 0.6749005853687413, 0.7073122454880892, 0.7349434829577027, 0.8311848543222974];en-hi
[0.618485679399067, 0.34023484251646247, 0.36870051761778694, 0.40715439002184817, 0.543778647184372, 0.6300219511046695, 0.67104854379897, 0.69636898972356, 0.7044813803466968, 0.6933661256326983, 0.7194694145179044, 0.7437173755125454, 0.8278054082890351];en-ar
[0.6484796107700095, 0.4370747563210413, 0.44811095474055035, 0.4617278374126181, 0.5530758126896884, 0.6430344408362483, 0.6822602323698811, 0.6963370601880403, 0.682833959388857, 0.6495529763462643, 0.7003605399560183, 0.6951523620022151, 0.7683183674808121];en-ru
[0.6807129056906949, 0.5203042048670856, 0.5070037123910152, 0.5123707646823217, 0.6015258576199024, 0.6854294590908103, 0.7250462744629477, 0.7455438360424402, 0.7457039407314733, 0.7402824654445673, 0.7742918000556529, 0.780010647213785, 0.827695680236017];en-fr
[0.6178761646143781, 0.36140258094877936, 0.355796298837328, 0.3800069961093368, 0.47600802779294704, 0.6485352172345544, 0.6871094143920345, 0.7081574308713122, 0.7025138835630302, 0.6905887764500221, 0.7079743994939296, 0.738373671711112, 0.8310630188579671];en-hi
[0.6114488921974165, 0.3386249644665804, 0.36288245962954535, 0.39988066265456534, 0.5449567614682018, 0.658940805682602, 0.7016291347565129, 0.7312437014266228, 0.7387167640270976, 0.7318929569981992, 0.745007857643941, 0.7519743300283638, 0.8284552913892549];en-ar
[0.6337987955892459, 0.41357967912927657, 0.4251337344494338, 0.44057792469665097, 0.5630055343708955, 0.6525301701567756, 0.678046546469753, 0.6793432189803571, 0.6478719177124246, 0.6054860336030834, 0.6419462732654453, 0.6516631201194832, 0.7592283719382491];en-ru
[0.6683471954466464, 0.5169799800973851, 0.4967603814095613, 0.5046319565019803, 0.5945394033756263, 0.6773712462295468, 0.7098453677142971, 0.7278322783640275, 0.7229304244695232, 0.7186244382441509, 0.7575626046428806, 0.7818688323441892, 0.8358835667045788];en-fr
[0.6108149890155377, 0.3594735411795167, 0.3376492889746684, 0.36527213036179695, 0.45941273439287517, 0.6211295247762852, 0.6563072639426294, 0.6777283340063878, 0.6751755209922946, 0.6639993689442053, 0.6926525279142273, 0.7385844323768591, 0.837642224842372];en-hi
[0.5992421365928506, 0.32645385311945574, 0.3471156148600858, 0.3927412945392037, 0.533687028621692, 0.6319140061891327, 0.6771978169959039, 0.7123438240001754, 0.7288340083385507, 0.7155284457576151, 0.7307061617642951, 0.7440507511604422, 0.8353963828645646];en-ar
[0.6273147556527208, 0.4306176910207917, 0.44162468413836903, 0.4500390993373003, 0.5483572551743904, 0.6362619522559302, 0.6646585451326488, 0.6680274254448402, 0.6465488445576436, 0.5995364305966844, 0.638411944184918, 0.6401229719631374, 0.7689827938129504];en-ru
[0.6751880044377564, 0.5206313118175604, 0.5041714159473001, 0.5068931668290315, 0.5876139888646624, 0.6580835681137008, 0.6955772865625719, 0.7194620812994739, 0.7208428651886061, 0.7176602824074992, 0.7524346683112284, 0.7681315353439034, 0.8451969629444648];en-fr
[0.6039762844572154, 0.34904513481126437, 0.3542795246373862, 0.37863369397072044, 0.46759724148393916, 0.6170864752478277, 0.6536362337435518, 0.6762752667674795, 0.6732091370426739, 0.6709706378712629, 0.6964289251885687, 0.7317450977939491, 0.8468287150006897];en-hi
[0.6063059761864134, 0.3328272924636258, 0.36018133620886755, 0.40284443032268125, 0.5384821259560219, 0.6373806732167334, 0.6804467549687252, 0.7088079508890708, 0.7256269787669104, 0.7159568283893168, 0.7379900450050869, 0.7480169339394585, 0.8411968188100339];en-ar
