Value;Language Pair
[0.8359976250119507, 0.4314236906170845, 0.3760640560090542, 0.4320485419407487, 0.4782235632836819, 0.6089016387052834, 0.6888391676545144, 0.7603001851588488, 0.7874906992912293, 0.8075443452596665, 0.927322755753994, 0.9477757740020752, 0.6999556789826602];en-ru
[0.8702727428078652, 0.5262710173800588, 0.4709146322309971, 0.5073388736695051, 0.5781144767999649, 0.7006038676202297, 0.7799633718281984, 0.815763950906694, 0.8280561149865389, 0.8291539311408996, 0.9183310824632644, 0.9313101637363433, 0.7391646033525467];en-fr
[0.829408650547266, 0.39257026627659797, 0.3153815691918135, 0.35474451169371607, 0.5122971362993121, 0.6195305253751576, 0.6636458050180226, 0.6691936644166708, 0.6613324550911784, 0.6080309654213488, 0.7532535272836686, 0.7010665392875671, 0.5852470333129167];en-hi
[0.8112349221110344, 0.2785608719289303, 0.25603687200695274, 0.34453688625246287, 0.49588410079479217, 0.5680019216705113, 0.654533799663186, 0.7433941179886461, 0.7716048053186387, 0.761486460864544, 0.8545012409240007, 0.7834206452965736, 0.6571920146048069];en-ar
[0.806089755371213, 0.39085704906843605, 0.3494307799451053, 0.41736006643623114, 0.48623115543276074, 0.6506179615110159, 0.7396376215294004, 0.7974919092282653, 0.8163746637850999, 0.7875417704135179, 0.923664186000824, 0.9343430060148239, 0.6976885935664177];en-ru
[0.8372347884625196, 0.5675847834348678, 0.49166815586388113, 0.5372690355032682, 0.5434732272662223, 0.6810507027059793, 0.7688913783431053, 0.8321446749567986, 0.8480572064965963, 0.8071429346501827, 0.911334256529808, 0.9344797422736884, 0.768280323445797];en-fr
[0.7980397605150938, 0.4236761039867997, 0.3551926306456153, 0.4007030024379492, 0.4389325077738613, 0.5671606071293354, 0.613576591424644, 0.6683598016761243, 0.6782812023162842, 0.6118605463206768, 0.7276964590884745, 0.6456599104404449, 0.6204716888070106];en-hi
[0.8008195265755057, 0.3453539084643126, 0.3161960728466511, 0.4264058095961809, 0.4812646279856563, 0.5782430751994252, 0.6441264571622014, 0.6925263296975754, 0.705948859155178, 0.6124651733599603, 0.7718106930702925, 0.7254158660769463, 0.6561511784512549];en-ar
[0.8330859422683716, 0.48039419354870916, 0.42117723762989046, 0.5140446932613849, 0.5529790640622377, 0.6706099826656282, 0.7415335864201188, 0.7969930434226989, 0.823435947112739, 0.8322450011968613, 0.931551855802536, 0.9688318181037903, 0.736999629251659];en-ru
[0.8545693626999855, 0.5298095912858843, 0.4518090837076306, 0.546624143756926, 0.6069881544739474, 0.7002281577140093, 0.7509595970064402, 0.7898803211003542, 0.7966160430014133, 0.7636007667239756, 0.885187900364399, 0.9614920699596405, 0.7516663278639316];en-fr
[0.8075075633823872, 0.41659241360612215, 0.3490695392712951, 0.4069878940284252, 0.4508979818411171, 0.6294384048134088, 0.6919504235684871, 0.7280056926235556, 0.730109078809619, 0.6851996213383973, 0.8059719979763031, 0.7774869413673877, 0.5405124989524484];en-hi
[0.8070089875534177, 0.3622086456418037, 0.2792469782568514, 0.3849376217275858, 0.48115940775722266, 0.6488157691061497, 0.7460307164490223, 0.7765115121006966, 0.7608969697356224, 0.6996748553216458, 0.8524616099894047, 0.8664815628528595, 0.6201291760802269];en-ar
[0.8002209070324898, 0.4401962683722377, 0.3738917983742431, 0.42076428696513174, 0.48691233137622475, 0.607612762004137, 0.7125019170343876, 0.7792929914593697, 0.8092483998835087, 0.8034956330060958, 0.8863697079569102, 0.945578762292862, 0.7162699188292027];en-ru
[0.8683986268937588, 0.4775310046644881, 0.41264764485880734, 0.44007507608272134, 0.5154938382748514, 0.651403204202652, 0.7453458086121827, 0.8241316282749176, 0.8466800445318222, 0.8227708759903908, 0.8803183033876121, 0.9325398188829422, 0.737300978153944];en-fr
[0.8198890681564808, 0.3992254400253296, 0.31791533762589097, 0.36762924037408085, 0.4407251203758642, 0.5746621762588621, 0.6553971852036193, 0.7337164566665888, 0.7624361546337605, 0.7190382820554078, 0.8190467849187553, 0.8324233263731002, 0.6177561913058162];en-hi
[0.8189127597212792, 0.3343819801788777, 0.28081080541945996, 0.38910585790872576, 0.5099242295324803, 0.4810281233396381, 0.5338243336975574, 0.5550420393049716, 0.5856867111974862, 0.5146169830858708, 0.6099929321277887, 0.5991053760051728, 0.5957337623089551];en-ar
[0.8247396199032664, 0.4523577966541052, 0.3528317713178694, 0.4300692674983293, 0.44367513921111823, 0.6698937098681926, 0.7531545236334205, 0.8332838329672814, 0.8450544172525406, 0.8035011659190059, 0.913749470114708, 0.9381507191061974, 0.6806653240323066];en-ru
[0.8702870971336961, 0.5196998509764671, 0.425059427022934, 0.4810682187974453, 0.49498913211748, 0.6927089887857437, 0.7974631452560424, 0.849297821521759, 0.8273777800798416, 0.7824890099838376, 0.8693074035644531, 0.9397390854358673, 0.6864432475715876];en-fr
[0.8345185047388077, 0.39613106491706274, 0.31517849849537016, 0.3766907256282866, 0.42735561706125735, 0.631392088830471, 0.7259703174233436, 0.7739053839165717, 0.7649127733521164, 0.6950883328914642, 0.7839882418513298, 0.7523755349963903, 0.5372761612385512];en-hi
[0.8315609513223171, 0.4104348630271852, 0.3353106600488536, 0.4181588038057089, 0.500058554019779, 0.6586292036622763, 0.7655016957223415, 0.814465322420001, 0.8098675243556499, 0.7562383295223117, 0.8412336754798889, 0.8177322962880135, 0.5905757973715663];en-ar
[0.8097258093953132, 0.44372902074828746, 0.401263627037406, 0.4589846557378769, 0.4779641189984977, 0.6025279386714101, 0.679246048303321, 0.7403271179646254, 0.7720418595615774, 0.7420124550163746, 0.8763170543313027, 0.9237899067997932, 0.7222700237506069];en-ru
[0.8458167266845703, 0.4626807932276279, 0.44637068673968316, 0.4808121801167726, 0.5066795421019197, 0.7243358321487904, 0.7886555423215031, 0.8315985931456089, 0.8422701922431588, 0.8280884878337383, 0.9004174520075321, 0.9265247431397438, 0.7068619459867478];en-fr
[0.8049804265797138, 0.4077119579538703, 0.3399267704691738, 0.3982862522080541, 0.5250453962385655, 0.5631539330631494, 0.5897518201544881, 0.6036324594992766, 0.6034521047770977, 0.4970497467182577, 0.5982747051119804, 0.5457316130958497, 0.5580494057544274];en-hi
[0.8152691964805127, 0.304811232611537, 0.282104489505291, 0.39318982549011705, 0.5224818060547114, 0.656172736287117, 0.7057417508214712, 0.7295637723989785, 0.703760238289833, 0.5629699071310461, 0.6854175633937121, 0.6648499122262002, 0.6287798658944667];en-ar
[0.8408275452256203, 0.4647966280579567, 0.36479056052863595, 0.4748150250781327, 0.5105843142792582, 0.624083221105393, 0.7073604655684903, 0.7659611820429564, 0.7855805211514234, 0.7698767863400281, 0.9025642007589341, 0.9336477944254875, 0.6379593923687935];en-ru
[0.8617781945317984, 0.48566914852708576, 0.4004104065522551, 0.47753221333026885, 0.5269950062781572, 0.6434419171884656, 0.7211648771259934, 0.7911199235916138, 0.8037228192389011, 0.7667218245193362, 0.8832443836331367, 0.9423551082611084, 0.7026167221367359];en-fr
[0.791613738834858, 0.35797881575417706, 0.3096820512972772, 0.3541700025834143, 0.4287773933564313, 0.5472693826351315, 0.6073509268462658, 0.6555789916217327, 0.6498891415540129, 0.5510395857132971, 0.7427802632749081, 0.6979508915357292, 0.5428302342072129];en-hi
[0.8128723382204771, 0.36910882145166396, 0.3153619347885251, 0.42416640274226663, 0.5539337839186191, 0.688283664137125, 0.7617060279846192, 0.7875109708309174, 0.7670608120970428, 0.7262286651134491, 0.8925241309404374, 0.8884331381320953, 0.6665068105608225];en-ar
[0.7671512556821107, 0.40296824583783747, 0.3519896648824215, 0.4006079604430124, 0.45415568456053734, 0.5985680866241455, 0.6932921855524182, 0.7617119701206684, 0.8190149273723364, 0.8199611204862595, 0.9521498692035675, 0.9682061421871185, 0.6802229244634509];en-ru
[0.8058296071365476, 0.4232061056792736, 0.38153819561004637, 0.4508957625925541, 0.5589754618704319, 0.731963404789567, 0.7881430685892701, 0.8214894513972104, 0.8388708929717541, 0.8159410113096237, 0.8915406340360641, 0.9601164221763611, 0.7515466227289289];en-fr
[0.7534295226651011, 0.35059438632801176, 0.268302881391719, 0.3358897737786174, 0.4531648224359378, 0.5877561083063483, 0.6540772930253297, 0.7234268739074469, 0.7493097400665283, 0.7276343950629234, 0.8636802949011326, 0.8345178830623626, 0.55187959138304];en-hi
[0.7589832123485394, 0.3608086418733001, 0.2899539884261321, 0.41656059846282006, 0.5211845504492522, 0.6015686180070042, 0.6482380278408527, 0.686807196252048, 0.6802737584710121, 0.4976249237684533, 0.6547116202116012, 0.5944026702269912, 0.5295915000140667];en-ar
[0.7568422493338585, 0.4848209573328495, 0.38438556078821423, 0.4249640899151564, 0.46171836609893946, 0.6425427314639092, 0.7108600438386202, 0.7816237303614616, 0.8033382986998185, 0.7607483135908842, 0.8935596522688866, 0.9321858713403344, 0.6732617768272757];en-ru
[0.7841088949143886, 0.49637067813426256, 0.38896590454969554, 0.44888279827311633, 0.49430029198527337, 0.7056905154883861, 0.7924652227200568, 0.8643003632128239, 0.8751793414354324, 0.8231563705205918, 0.8894064111635089, 0.942537149488926, 0.6755206729657948];en-fr
[0.7523229690641164, 0.41904758458957075, 0.3331722308695316, 0.37101788660278545, 0.43928410900756715, 0.6090457610256271, 0.64570650793612, 0.7130688025802374, 0.7253071882762014, 0.6522530857473612, 0.7835372907668352, 0.7529981538653374, 0.5924628975242376];en-hi
[0.7486074527353048, 0.3697363753244281, 0.3110490979626775, 0.3786607984267175, 0.47874952889978883, 0.6561601437628269, 0.7308062714710831, 0.7967542503029108, 0.7689773252606392, 0.6444881316414103, 0.8210863688588143, 0.8340871485322714, 0.6357965343073011];en-ar
[0.7630864222720265, 0.3810718699172139, 0.3389488163404167, 0.4287948090955615, 0.4625132995471358, 0.6248719357140362, 0.6980344672501088, 0.7811859752237796, 0.7928897313866764, 0.7545673756301403, 0.8300317327678204, 0.9231039714813233, 0.6235930861905217];en-ru
[0.7765054485201835, 0.5057419222220778, 0.3898965938389301, 0.4441080374270678, 0.44390087032690645, 0.5717878345772625, 0.6726188472635113, 0.7713808393478394, 0.7956383848190307, 0.7526794371008872, 0.8591371286660433, 0.915290635228157, 0.639500023573637];en-fr
[0.7021814491599798, 0.37140602671774103, 0.3109499607980251, 0.3458523540198803, 0.38546009339392184, 0.5159168914705515, 0.5757577839493752, 0.6299471224844456, 0.622477700151503, 0.5240071503072977, 0.6843531197309494, 0.6171183880977332, 0.6559757235646247];en-hi
[0.7809204433858394, 0.3729700555745512, 0.30233896236866714, 0.4178014645539224, 0.4974299176037312, 0.6113379863929004, 0.7274752631038427, 0.8166109511256218, 0.8495988649129868, 0.772794095891295, 0.893660317659378, 0.9264382266998291, 0.6892353403568268];en-ar
