Value;Language Pair
[0.009264962930925104, 0.013652683942082685, 0.003502396235986489, 0.010558677989326656, 0.02648131261333278, 0.028362522965600448, 0.03182131741756754, 0.03471103423066433, 0.03742548798735601, 0.044793143177031355, 0.04100320890001708, 0.04484598934053506, 0.08017071765180364];en-ru
[0.01361785391506905, 0.008136908343397064, 0.009681175720243592, 0.017518837783834982, 0.028213323661189213, 0.016525844349859094, 0.021134119036820845, 0.02323995444282005, 0.02478517379503363, 0.03145362658735147, 0.031695141231263435, 0.031755489241961116, 0.04011202006249819];en-fr
[0.0129359007118253, 0.011694384357981261, 0.0065184028039415335, 0.011401374159832608, 0.024027903048007983, 0.009335484367434513, 0.004900947414490519, 0.006410173946888703, 0.006966159225917324, 0.007664311712616395, 0.007449534864654802, 0.010274682010245097, 0.05495373330316955];en-hi
[0.008008331194007292, 0.01583377138405415, 0.0035820329172493418, 0.005217852630672433, 0.013845051505434705, 0.004358386351447517, 0.0037496670441745225, 0.004150250366764637, 0.0033826198439271503, 0.005328492217533942, 0.003240830317444653, 0.00995947690649452, 0.06987750295297236];en-ar
[0.008987062827582618, 0.013808518268699242, 0.003468869763945616, 0.010472985699527563, 0.027049347760748264, 0.029729926715250557, 0.03283319771673533, 0.03531802034612563, 0.037669890882508064, 0.04506676460885403, 0.040935808178776005, 0.043879917894947315, 0.07839574959148529];en-ru
[0.013598937043853523, 0.008086473533546405, 0.0097000459728093, 0.017489429566613757, 0.028001266515102444, 0.016612619548741603, 0.021389840013361326, 0.02375910972984564, 0.025235622887420917, 0.032044665635667734, 0.032690105779041495, 0.03253913376613107, 0.038521579396955476];en-fr
[0.01263513382894806, 0.011219666681203043, 0.006341838358335901, 0.011156566653497393, 0.024972134271134854, 0.007649008995475407, 0.005045517879869332, 0.005860706963335764, 0.006642604971590809, 0.007360956220913685, 0.006860339985262783, 0.007800230942603355, 0.056804518424181535];en-hi
[0.008025874782072125, 0.015642249138036378, 0.0036629402444163604, 0.005204731643245184, 0.01406737870375063, 0.004508966538110473, 0.0036025254078535657, 0.0038633805799829844, 0.003262447350218187, 0.006031618481208476, 0.004033589592275806, 0.009804459474447646, 0.07173036455196705];en-ar
[0.009070628214131387, 0.012861540185010486, 0.003664801010714526, 0.010675603460973208, 0.02673389082784473, 0.03045301422724277, 0.0334609586292378, 0.03580698555697363, 0.03818882497926904, 0.04506000913883689, 0.04203503983474734, 0.04438770242116993, 0.08054981648269563];en-ru
[0.013160943726648165, 0.007850999676125885, 0.009912096286111645, 0.01759377835655983, 0.028549035347316364, 0.01804689977423453, 0.0223231714236901, 0.024255305917005414, 0.025290691023653056, 0.03192588844438858, 0.032071741981823235, 0.03210275782889257, 0.03944439791630603];en-fr
[0.01317648367541424, 0.010273633559056913, 0.0070955771292579425, 0.01184297837855835, 0.02454983245868751, 0.009340106224702643, 0.004883733777176194, 0.006070901960428171, 0.006185514446788307, 0.007134225613243778, 0.007223982458980494, 0.010140273692636077, 0.05761519215258388];en-hi
[0.008229562167915436, 0.015373893630680955, 0.003306000078850864, 0.005477200903656143, 0.01460769624170429, 0.004780856049112117, 0.0040994254685755, 0.004525079058360829, 0.0035526926377704524, 0.0054562058743858124, 0.004217941371928343, 0.009169631068133796, 0.0721806750055428];en-ar
[0.008831865700377785, 0.012949484841076064, 0.003404978561124209, 0.010011293084063167, 0.02553702581481676, 0.02878400253545053, 0.03201321454794869, 0.034980633834135, 0.037120427540932574, 0.04392082743628663, 0.04155348016855345, 0.046116157452098745, 0.08123426174416827];en-ru
[0.013450507289629363, 0.0074974800352709085, 0.009678621405245565, 0.017346123108060562, 0.027498507048030984, 0.016618081578804154, 0.021469772677158598, 0.0242757987189912, 0.02600216555891968, 0.032180500871561636, 0.03411838504880825, 0.035717148882027705, 0.041878099576082586];en-fr
[0.012303792584865404, 0.009944756891494088, 0.006316149544426464, 0.010797501958836801, 0.023589454635615084, 0.008283298236855967, 0.004724022659115593, 0.00568764871788683, 0.005975745929202195, 0.0063524320374073765, 0.006636709992238953, 0.007098256921237816, 0.0556090078804292];en-hi
[0.0079714834601465, 0.015345286589736074, 0.0038437544711715536, 0.005245074154025991, 0.013673156645909014, 0.004513638847040007, 0.004633167160605535, 0.005513941084650512, 0.005003841312744362, 0.006734900249284035, 0.006344219117157857, 0.007344314586701121, 0.07190595269895687];en-ar
[0.009193812208304295, 0.01372316161902047, 0.0036542123318132422, 0.010906644263471987, 0.02841165556061037, 0.033359653402751044, 0.036389953884920036, 0.03909158288339368, 0.04128910457759958, 0.04908216233024165, 0.045056520147177495, 0.04954934755032345, 0.08678241039703774];en-ru
[0.013172673721157813, 0.007737133203601464, 0.009775428783739474, 0.017502603798577404, 0.02893115052087472, 0.019597715193584508, 0.024381051663874116, 0.027088040146381505, 0.02880862910211796, 0.035845509065399433, 0.037162739303197426, 0.03788866930675113, 0.044011158654088764];en-fr
[0.012820431267825158, 0.01070722371215995, 0.006887415932741877, 0.011557887641700834, 0.02570941926715935, 0.007029102538650486, 0.005763791037302672, 0.006336787268011572, 0.007883766159941321, 0.009128000316498953, 0.008302209358450621, 0.00837291917096383, 0.05768847614200378];en-hi
[0.008070374491849525, 0.015107197534902287, 0.0038764901814378975, 0.0053474688554553205, 0.014660923258516685, 0.004462817638998281, 0.005543429318960484, 0.006152443663345485, 0.005491644271985838, 0.006619070068963014, 0.005813152940806414, 0.008127232217778441, 0.07805516074255735];en-ar
[0.009189226121752431, 0.012940149516459321, 0.0035864626826557157, 0.01053773789797505, 0.02679056246780842, 0.030167218066405658, 0.033161055415894945, 0.035924453186637104, 0.038489235501420055, 0.0453682065497897, 0.04170027671219567, 0.04492666072910359, 0.08023216519011049];en-ru
[0.013570713730471825, 0.007717022613012164, 0.009717921871316827, 0.017678118884935225, 0.028722677650282125, 0.017748241794530977, 0.022377913636688673, 0.02504972515341898, 0.02671622139215378, 0.0336857038932271, 0.03434601336980285, 0.03614090007326399, 0.042685612922750665];en-fr
[0.012831453068941099, 0.009847990159102591, 0.007209832549918304, 0.011543498548110457, 0.024359874536686317, 0.008691608848588408, 0.004860556655812557, 0.005999823590266366, 0.006485822428277437, 0.006964976262523661, 0.00694203580057128, 0.007187682678379112, 0.05745734715352008];en-hi
[0.007932519598951386, 0.01502768197145304, 0.003776007542886602, 0.005210168505621968, 0.013378071695201008, 0.004590543505173795, 0.004159008786055534, 0.004949057039245755, 0.004419525427157277, 0.00624812349386783, 0.004838737092363987, 0.008414058468556251, 0.0735841911939291];en-ar
[0.008958443378718987, 0.012905434682346967, 0.003781013204708021, 0.010557046242356736, 0.027270035195802022, 0.03043117741089871, 0.034083624690681685, 0.03719323545111066, 0.04031338568569149, 0.048043795026163565, 0.044414849427799066, 0.049393179437730944, 0.0868047483842612];en-ru
[0.013719572966512222, 0.007144845996067159, 0.010155889418064681, 0.017850314471390898, 0.029447811911540746, 0.017427274995313633, 0.02241996547033768, 0.024656336801918945, 0.025783207305686118, 0.032726196524019584, 0.033166045011976744, 0.034411922034904945, 0.04085713656187837];en-fr
[0.012937693474724713, 0.01026707842988276, 0.006976497785075543, 0.011646032547864364, 0.025081329866948707, 0.008378770859502598, 0.0048865374578323925, 0.006002482664580525, 0.007359690487685332, 0.008244739468818114, 0.008695881148916652, 0.00616186821860371, 0.05887704450397509];en-hi
[0.008182138840485395, 0.015350866635058065, 0.003642087055667855, 0.005205112300885182, 0.015520964084441922, 0.004643764653471684, 0.004415778702914288, 0.0051239378371164546, 0.0044903703559384285, 0.006076870866912442, 0.005778697220554692, 0.007459301294469173, 0.07177866502712515];en-ar
[0.009543729230527797, 0.012839714050160704, 0.003840531845984478, 0.011130488934931916, 0.02843444161502738, 0.032925509345082565, 0.03668015456922644, 0.04002109610967606, 0.043258322244030235, 0.05087688926918587, 0.0466711763433537, 0.049556324208578105, 0.08745205988192362];en-ru
[0.014320827777555636, 0.006401128625587208, 0.01081869209372356, 0.018493854724410935, 0.02923438034012007, 0.018071730877521477, 0.02337807313221102, 0.026493615740207938, 0.028525414458983656, 0.035575585623069526, 0.03742477698565954, 0.03919057071389996, 0.044632947331600746];en-fr
[0.012959081778037502, 0.009622676786433861, 0.007022412670977837, 0.011609627480852463, 0.02448614445100141, 0.00809470976627303, 0.005072954789952838, 0.006206509606283207, 0.008151775080286763, 0.008815125987366168, 0.009208971489281806, 0.00625006765049383, 0.05730925441826986];en-hi
[0.008397165847326188, 0.014838901654349522, 0.0034493485786170545, 0.005441959967895122, 0.014814493593165024, 0.004748296537161811, 0.004624027927774152, 0.0055444114699305, 0.004978486795811546, 0.006208283363108427, 0.006048328148651175, 0.007605974510503334, 0.07035623109668868];en-ar
[0.008953286663825468, 0.013094915859443342, 0.0036320020634148615, 0.010279371647847176, 0.026816022738643985, 0.03265652902374441, 0.03619722324547327, 0.03959321350067931, 0.043064817063870164, 0.050724832116964755, 0.04761421625835878, 0.050762016231503025, 0.08486303600090568];en-ru
[0.01385473512955094, 0.00801584946386091, 0.009946092323200015, 0.01788814018691457, 0.029269670043218857, 0.021295695219352453, 0.026727069179801242, 0.030276814688989417, 0.03264986512878776, 0.04034959679986308, 0.04275905191131459, 0.045311188184151134, 0.046903312562301236];en-fr
[0.012526141923844483, 0.009926091131267545, 0.006794755519194086, 0.01106647970497232, 0.023276955055087492, 0.008815929378120924, 0.00466756344530549, 0.005853152938172845, 0.006218461914559891, 0.006735121220272447, 0.006831677768879427, 0.008818358624574175, 0.053861129660279485];en-hi
[0.007977158047225413, 0.015443178357462164, 0.003636642383451222, 0.005278020664776789, 0.013929934573634445, 0.004769105232316721, 0.005845831656337082, 0.0071466638074920265, 0.006600643065972362, 0.007386513157061907, 0.0074117186944237575, 0.007703996536340803, 0.07381992743736032];en-ar
[0.009884385527821907, 0.013143048810029876, 0.004147559120916794, 0.011705343363171458, 0.02822956488971747, 0.02998693124610704, 0.03379283555785587, 0.03660070339193299, 0.038997024541830655, 0.046422886614737716, 0.04325478869395505, 0.04654701298623557, 0.08253671938199326];en-ru
[0.014077218292802422, 0.007115287159935555, 0.010485061407095401, 0.018189509379115024, 0.02954422483739943, 0.018666544931455597, 0.02363566087534262, 0.026106930156158354, 0.02755560224953083, 0.03452501689340562, 0.03589680451204848, 0.03667440928934238, 0.044285544606411785];en-fr
[0.012808055235597103, 0.010158344321568329, 0.0067804521461019346, 0.01155229076471462, 0.024879069293834048, 0.008558878501538934, 0.004912253710039919, 0.00582674469655927, 0.006639654402370731, 0.0075893338345165776, 0.007821070321470575, 0.007981248661039136, 0.05440232929852922];en-hi
[0.008193853721050998, 0.01519035769068921, 0.003515273065435576, 0.005254456663645041, 0.0147673719878789, 0.004482796965952864, 0.004973422128913522, 0.005516503241721109, 0.005075405215599516, 0.006013382887354214, 0.005162887294935265, 0.007789401782754196, 0.07081765848005672];en-ar
