Value;Language Pair
[0.0020220370843890153, 0.022672422511944533, 0.008254514477944406, 0.005152988058174157, 0.008806069486854511, 0.008975133014538736, 0.008768672317576824, 0.007128111771416909, 0.0069784303106641375, 0.00853455651910437, 0.011688679357466297, 0.01858018454042936, 0.014570924649258089];en-ru
[0.003735790334612836, 0.011036758192931295, 0.004933082890532123, 0.00654088792495107, 0.013175183104479687, 0.010909459957649015, 0.01606084569949119, 0.021107426785020016, 0.02470826873188348, 0.03064033591671123, 0.03317997213744112, 0.03805924597872977, 0.05953304431311445];en-fr
[0.0028378743810026216, 0.030186866534689542, 0.008365522734412706, 0.011529777199375554, 0.013078649246720808, 0.04887326791623456, 0.05597976626110407, 0.060622762443338515, 0.059784570479798946, 0.07093114815994328, 0.055697456189032685, 0.06161705664067876, 0.05869017431015301];en-hi
[0.0017909927391641148, 0.027636967683526283, 0.008699207602952582, 0.010043268611379996, 0.01314326165447714, 0.038581554799525464, 0.042493301399905994, 0.043024961464483015, 0.0404371735947159, 0.051260863886151635, 0.03766996019403456, 0.036970596762645636, 0.0221243955377821];en-ar
[0.0028950710404023966, 0.024835867618652033, 0.010907582938102109, 0.005150110984762559, 0.01094326296596894, 0.007866187238775371, 0.007277843544458478, 0.007206993991130452, 0.008167074052628743, 0.006860953746484833, 0.00795468546435531, 0.01761755897399077, 0.013594373734134062];en-ru
[0.004814146069378091, 0.013303683731865013, 0.00533664278354118, 0.007058218503843831, 0.012509209582191646, 0.006565968461892769, 0.006919778734954831, 0.00765193804472794, 0.010070219983766285, 0.007563098322643829, 0.013113639712633967, 0.016786097235210545, 0.010783197665732238];en-fr
[0.003365137978107667, 0.024994796741278455, 0.00838194211167359, 0.00908361276732345, 0.011179631736461726, 0.04979945610409679, 0.057130801235543885, 0.06434668062919308, 0.06754288015731902, 0.07582119565886403, 0.07005290241160161, 0.08352191794093708, 0.08880052807963991];en-hi
[0.002277620736203971, 0.02561503108942513, 0.008172506966816023, 0.008216903588354404, 0.011457061014722674, 0.03929508808871872, 0.044181052376661756, 0.04764107717153802, 0.049319358914799105, 0.057959946735863965, 0.0517579846483808, 0.05913736678696224, 0.046807297753644964];en-ar
[0.0026039756434329334, 0.023271965348249067, 0.00961841526804658, 0.005050069233824012, 0.006821637117936906, 0.007325095101669034, 0.006860340045677735, 0.007395688560185052, 0.007356684680926296, 0.01007730723676412, 0.017427541113138108, 0.03291257689954351, 0.020493865952618616];en-ru
[0.005359012115101605, 0.01273107955845869, 0.004985350187309671, 0.006141978719873207, 0.008705484907101567, 0.011182777635481284, 0.010532879724220588, 0.008879660152075818, 0.008583374903488837, 0.010493813246260631, 0.0036659943055806516, 0.007300251273190773, 0.018653183301769988];en-fr
[0.0034777997636896043, 0.024765205734268717, 0.008926542617534776, 0.010484453261969956, 0.014487204832960971, 0.0508557052311774, 0.05635676163006177, 0.058644847321708236, 0.055206183441465696, 0.06456921815906148, 0.05243433874357474, 0.06050206473802902, 0.052324343596968845];en-hi
[0.0022368780287070015, 0.0250051492702672, 0.00815638288901179, 0.012069884051528158, 0.018509001284364744, 0.04888445097052831, 0.05302822413027254, 0.05359029208705271, 0.05002405956585175, 0.06101481006815454, 0.048931241063546495, 0.0542698914713155, 0.033603863112511734];en-ar
[0.0024339756481155475, 0.019433844043596753, 0.009615897607489682, 0.004511863717713525, 0.007703220774928916, 0.004948784953083538, 0.004793810176391343, 0.00466477573068298, 0.005399093746491196, 0.005479918358178104, 0.009699308886143997, 0.011455114841882826, 0.019079122875240474];en-ru
[0.004369035461374257, 0.012279571605758993, 0.004798147315574582, 0.006707830117966312, 0.009430063114426346, 0.004374865152390009, 0.003305146713197667, 0.005119951614590827, 0.005178628961414774, 0.005216563021022047, 0.00832814184939078, 0.009106840996488515, 0.024852085839350602];en-fr
[0.0030749782119285883, 0.02281832834812423, 0.009907141277508351, 0.011174857043730918, 0.011756651747794654, 0.0414835299894594, 0.04479873751219807, 0.04630586304561779, 0.04307830390978745, 0.05124768418701335, 0.03526864344908966, 0.04240786284501749, 0.0487386925467823];en-hi
[0.00206955271632372, 0.02170468393465854, 0.009067288933951166, 0.009454845799391473, 0.014325303447634106, 0.039400700732947824, 0.04214175893449779, 0.04217385194080626, 0.040302753280169114, 0.05250472971958524, 0.03484047463876792, 0.03422893359403463, 0.02299050921809488];en-ar
[0.001564260503121959, 0.021052464392996625, 0.012117839263119275, 0.0048772183292597705, 0.005944042595826096, 0.012688569887319014, 0.014267566230846558, 0.01872876743162734, 0.021709718050745584, 0.021133005560210874, 0.0291486738531965, 0.05262146185438413, 0.04538067146335465];en-ru
[0.003095804585391306, 0.006895363340906133, 0.004097950310464288, 0.006347637076284328, 0.010154241396921839, 0.00857920546360448, 0.00824634211097874, 0.008260431900986784, 0.006404316913552508, 0.012813128008662397, 0.010504606505274065, 0.02358632547363773, 0.013382393303230516];en-fr
[0.002624150311676205, 0.02384752575931392, 0.008944816920914417, 0.01042150156705855, 0.014578624412558087, 0.05422904076124209, 0.06226881623971493, 0.06969150572233676, 0.06952857658051198, 0.07456335107567902, 0.07205731924681506, 0.09885294789967466, 0.09844815710064782];en-hi
[0.001753425725667813, 0.023127705254058432, 0.008754790295157211, 0.009793380525579801, 0.015196855697104166, 0.052322958044482504, 0.05785392208546312, 0.0619842116909846, 0.05976637205488557, 0.06843601743474827, 0.05760758177707119, 0.07820629137420228, 0.06158357200040636];en-ar
[0.002120533969888737, 0.02391198411244355, 0.00925663891148135, 0.005362771409281812, 0.009912019584517099, 0.010783417392196149, 0.012732064300774455, 0.011402196310361132, 0.012759887566947615, 0.01858051232438216, 0.014349417528040285, 0.009540163369019606, 0.0111962664515154];en-ru
[0.0040615755119264, 0.015339000434372183, 0.005052688243276101, 0.005868688297338557, 0.010219064539317823, 0.010206520482403714, 0.00971794429424345, 0.009514357155349122, 0.011087727127815273, 0.009352428887602118, 0.012202444175248838, 0.02481134151319626, 0.010330556380771277];en-fr
[0.0029173134229495213, 0.030806433953063483, 0.010830689641067402, 0.013565862811862346, 0.014877673987333195, 0.052494735734678145, 0.0584181594534556, 0.06283871762107107, 0.06001647844070285, 0.0694526855121756, 0.056804132227989995, 0.0677808072547735, 0.0716068589856153];en-hi
[0.0018972115133268168, 0.02960700229542756, 0.009407214239360737, 0.011070279189795376, 0.013120801600853157, 0.042712570954939584, 0.04585766633140648, 0.04738727058930937, 0.04303167960484036, 0.051921448926877875, 0.038686070070543525, 0.04785605008112378, 0.03719305362256583];en-ar
[0.001531759303082558, 0.020435604234517075, 0.009148486253798892, 0.004655468980381562, 0.010724234250168014, 0.01606533362591262, 0.016848241036398866, 0.015313022476087474, 0.009931255423992695, 0.014054086037018854, 0.009219530172656212, 0.015019559200470666, 0.01849974793641445];en-ru
[0.0031539989731633523, 0.010367417984986492, 0.004660639125369429, 0.00549169601372645, 0.01221061202989708, 0.011745561171251424, 0.014631248087292511, 0.016034334788261526, 0.015209004475837118, 0.02131657564466879, 0.015908730844676058, 0.010080123402561475, 0.015266147871734498];en-fr
[0.00295047829955972, 0.024847978413478508, 0.007397643578552408, 0.010886557902525353, 0.008953423815097866, 0.02985154045986888, 0.03495669606505531, 0.0389183325375657, 0.04040595594683181, 0.04791024259953715, 0.039700317925744105, 0.049719511417836246, 0.05701737785995635];en-hi
[0.0017599232754340244, 0.028177397287581687, 0.008518820663751018, 0.01183054184542017, 0.014354822961201247, 0.03378062438249626, 0.03765903113048485, 0.03929042250729252, 0.03882693561299674, 0.04773730999511218, 0.04143267022499158, 0.04384477902131033, 0.028954424180725725];en-ar
[0.0016800840746873259, 0.024909575805334806, 0.009783320699641353, 0.005328432859757115, 0.011728276131143477, 0.01686535241337265, 0.018579043413361924, 0.015468356204516092, 0.013418250088834462, 0.022610135404538732, 0.009299676940620994, 0.009787945026642823, 0.013072588110347684];en-ru
[0.0040642673426191395, 0.012605879646944242, 0.006057895072963018, 0.007084396498685236, 0.01376838270206162, 0.014177552543492527, 0.01927482859144245, 0.02213070859512317, 0.022386212458198808, 0.028201710835346675, 0.021942287499987778, 0.017204793268708947, 0.03285099035723102];en-fr
[0.002267578289368733, 0.026115088953107872, 0.008061485881017166, 0.010909441960272185, 0.009052298790435741, 0.02114799306458741, 0.024307594034447245, 0.02586117269362713, 0.021071971311720946, 0.023542127821128793, 0.01568968022455564, 0.02181034729078607, 0.02776725920894693];en-hi
[0.001883438071478549, 0.025332918419104934, 0.007778596686647462, 0.010542972643009631, 0.013676452309130902, 0.02283046782799527, 0.0234159787440876, 0.021325250202365267, 0.015365965260231281, 0.020006022580782913, 0.013916610237356273, 0.017451699128019547, 0.011738405891422835];en-ar
[0.00265986320591764, 0.019756015901123927, 0.008190456357182444, 0.00511211355388699, 0.0091996420790262, 0.008111417777590573, 0.008708108809926856, 0.007080804457473113, 0.005921053539277396, 0.009169632824777996, 0.003622669433728733, 0.00489149545983906, 0.008871451257703864];en-ru
[0.004760612003786574, 0.01340057656784969, 0.005259263679654676, 0.007232840647484394, 0.016116399376017693, 0.015822098855965, 0.02095211500411091, 0.02541570261826574, 0.026691147619118793, 0.029595626057343935, 0.030493003044490947, 0.034279347434421806, 0.05919842071237026];en-fr
[0.00301806211762596, 0.022890373194726015, 0.008758037094733412, 0.010804305387046052, 0.008984091274918013, 0.01758522613827763, 0.017827298967483043, 0.014930265443738941, 0.007647713534461093, 0.010275937834303452, 0.003066235730996833, 0.0025766702240555437, 0.011670175209752966];en-hi
[0.002063621797860831, 0.02402182985533729, 0.008291746115906828, 0.009400282392686402, 0.012704099978279012, 0.03392605523328093, 0.03558135554056193, 0.033523058358489594, 0.027220265321726413, 0.03618199437711155, 0.025318003615441502, 0.027906639393767224, 0.013487281716904153];en-ar
[0.0022383072012598796, 0.019848614699949405, 0.009379981087655361, 0.004320102585919202, 0.008477653624322533, 0.011080411666594733, 0.01247624719258349, 0.01605878810920946, 0.020758249389012516, 0.02072155625814046, 0.029561080607284927, 0.04086536364059924, 0.02503910075230445];en-ru
[0.004171351746651154, 0.010541430184045256, 0.004332688775873524, 0.008330473792123802, 0.014083168635188504, 0.008030700417561246, 0.010150348513816458, 0.01335728639107388, 0.014823390313867889, 0.015455374115287284, 0.023664871558478698, 0.02869644002634771, 0.05178265310945206];en-fr
[0.0027208021123078714, 0.024392819226704915, 0.009102607508748027, 0.009096676771456853, 0.013153243223096084, 0.055981742267749164, 0.06440164356756836, 0.07186755147101731, 0.07380577486406181, 0.08432072915815919, 0.07658530795544159, 0.09314783117867356, 0.08340287420357834];en-hi
[0.0019589933841052754, 0.021858716956291272, 0.005420497805202632, 0.008958634305372453, 0.011297616765004948, 0.03542724916271499, 0.03999621637347463, 0.04279700662559993, 0.04290061394394206, 0.05312329619026663, 0.04329787740537286, 0.050610511881726786, 0.029819197080821053];en-ar
