Value;Language Pair
[0.07397708635471645, 0.08205114824965373, 0.10494810194565313, 0.12045400420653701, 0.1373322810609049, 0.1471624725095656, 0.18374109779154726, 0.21765646837484381, 0.23690311153720056, 0.27194065769320636, 0.3158514393939792, 0.3662622300675139, 0.4244144901672068];en-ru
[0.07786579574846351, 0.08875886970381544, 0.11010578652545368, 0.12690158744129196, 0.14054019271643484, 0.15098129574907942, 0.17511785587582077, 0.19503209749527742, 0.2130637132252256, 0.2508301652194253, 0.2901572719492833, 0.33578340749772906, 0.3986333408625796];en-ru
[0.08384726812549465, 0.09141182068900283, 0.11168230209720302, 0.1303604912944138, 0.14428273589031354, 0.15337245450621897, 0.18719374987331322, 0.21397947886143812, 0.2304521389742149, 0.2651675023815187, 0.30971629774042714, 0.35656531265752467, 0.4104011996979049];en-ru
[0.0785745766062367, 0.09065624280289436, 0.11501439829468534, 0.12920113331541264, 0.14434098921083205, 0.15583740423373152, 0.19049856112178531, 0.21162631150121644, 0.22706225104338956, 0.2634345667727757, 0.305991634207506, 0.3588015883501309, 0.4245219833042938];en-ru
[0.07817776491210679, 0.08261759866145439, 0.10581704748474294, 0.12428271134752625, 0.13574637139002638, 0.14647635086536562, 0.18223301703595401, 0.20701207010133657, 0.2268480918588466, 0.2587648704725628, 0.3013238235665388, 0.3494465589084333, 0.40307262624846774];en-ru
[0.07789386324438966, 0.08941587141251452, 0.11024152696215121, 0.12459190435426232, 0.13619272467949486, 0.14086615463505345, 0.1749613763546222, 0.20277016912386897, 0.21864346348387093, 0.256364216322739, 0.3028032352876229, 0.35050612443289236, 0.40679747050113896];en-ru
[0.07758389196813671, 0.08798200389331517, 0.10538900870208939, 0.11724206230452788, 0.12960299320766352, 0.1411532263158127, 0.1724500666105693, 0.1938628817106898, 0.214675630949993, 0.25335448154170687, 0.2992822814795242, 0.3506380646009347, 0.41197244403883815];en-ru
[0.08352189637753327, 0.09197714625224762, 0.11453943437863927, 0.1276182893991063, 0.14446472583003925, 0.15580737322646504, 0.1854586519334892, 0.21349513198171433, 0.22897933799928674, 0.262553672119005, 0.3044460522864635, 0.3566269604993674, 0.4229027714075831];en-ru
[0.07374646957305231, 0.0841162015645144, 0.10346271066446207, 0.12140657316558645, 0.1345202159701633, 0.14550601963783266, 0.18019391224709883, 0.20519537455159784, 0.2172981135197915, 0.25268651014121135, 0.29700246449016654, 0.3435369332203436, 0.3978092208174833];en-ru
[0.08251121910337436, 0.08961581106123048, 0.10948250617220764, 0.12415152057510567, 0.1403097145518283, 0.1512719222462086, 0.18188262845796999, 0.21144303902777514, 0.22843681522896683, 0.26176049218386954, 0.30544079916823347, 0.3585496081126621, 0.4137394367561986];en-ru
[0.10267558127143275, 0.10572626444159142, 0.1283594437079349, 0.1478730993216838, 0.16673872431468528, 0.17565233415637824, 0.2192362430754656, 0.27332962446671444, 0.3081456054797551, 0.357466143353425, 0.41186454647928866, 0.45745451227606587, 0.5111031232799481];en-fr
[0.09669234307226968, 0.10031241424112522, 0.1224170551843296, 0.14080405277951893, 0.15542137846108137, 0.16888929361678795, 0.2177725848237363, 0.2776582730068185, 0.3199053221735085, 0.36820848552354923, 0.41894938791325936, 0.45888920848762305, 0.5050877437693998];en-fr
[0.09788384879817992, 0.09985311218582259, 0.12661756291490747, 0.14720300427555533, 0.16191913848451805, 0.17280382013511067, 0.22071139365628673, 0.2760246230048324, 0.3057116787220972, 0.34678670995053834, 0.3985549258378645, 0.44458599525581427, 0.5050810733441419];en-fr
[0.098760530580815, 0.10164347714204874, 0.1217405835877192, 0.1397558397753225, 0.15486810426349015, 0.16937475591839757, 0.21632751146292625, 0.2782877905779363, 0.32130278457868067, 0.36793347853914987, 0.42254038326839993, 0.46999185611421124, 0.5285289673192892];en-fr
[0.09576520866175997, 0.10261580967280678, 0.12724707069331392, 0.1470521724608261, 0.1654686125346719, 0.17650532682940442, 0.22113555368608406, 0.28429233069073234, 0.32685702252880827, 0.3738294133140395, 0.4297685028519481, 0.47532996983694226, 0.5349496546608862];en-fr
[0.10482061593162749, 0.1064090821346781, 0.1291967977847283, 0.14862767240004662, 0.16146048700854104, 0.17543805655829298, 0.21872083034540993, 0.27327311591887643, 0.3143684145839264, 0.35876732161268593, 0.4104531253144766, 0.46010168324731543, 0.5172717976791319];en-fr
[0.09614055134655548, 0.09952488110793638, 0.12594444796607907, 0.1448359495101613, 0.15944822801199432, 0.17452316778233884, 0.2196163825734402, 0.2761300499982705, 0.3230852702558574, 0.37217643036929077, 0.42448801430291494, 0.47047257267598375, 0.5211705125683996];en-fr
[0.0990231522412311, 0.10223470011769678, 0.1261440185480751, 0.14173316522792448, 0.15324052577458738, 0.1652130163371718, 0.21061944768201404, 0.2668163896596525, 0.30994374851203854, 0.3569140157730241, 0.41166380806438, 0.4603748845246931, 0.5189994442742318];en-fr
[0.09348162305141158, 0.09685110996700436, 0.11605616470430201, 0.13011157528477876, 0.14554287533298219, 0.15613840716747898, 0.20478710459380334, 0.26392787624984826, 0.3027835288742305, 0.3475239179264463, 0.4046995397031424, 0.4570860491376758, 0.5131099594339806];en-fr
[0.10124786442987291, 0.10668377479596529, 0.13026857748870194, 0.14930262873943623, 0.16717405908857472, 0.18015612333353298, 0.2288538113401349, 0.2789618672579612, 0.32181628842372445, 0.3700789050005066, 0.4296437566168606, 0.4847355123531694, 0.5475734280538745];en-fr
[0.08414346176117155, 0.08392390921459689, 0.1042526449304205, 0.11913772353824849, 0.13695056093735428, 0.15919931546765534, 0.20988760403197376, 0.2702920821737886, 0.302595925075002, 0.3346002128949597, 0.3721716668922454, 0.41851687207624005, 0.46501086012237164];en-hi
[0.08562086971311753, 0.08514972567142347, 0.10114076445800796, 0.11811343292938545, 0.13579929653327175, 0.15866394237202713, 0.20957760079521298, 0.25598496980698354, 0.2736455400988537, 0.30292189704002037, 0.34264097343111644, 0.39346546629919127, 0.4502691180424639];en-hi
[0.08556810012354012, 0.07987694221174782, 0.09939072512412774, 0.11513636532132902, 0.13106634679873727, 0.15265590304655538, 0.20797893379155236, 0.24868238194515774, 0.2722361897816882, 0.30278582041695096, 0.338143403660312, 0.38632748190624017, 0.43931135316185344];en-hi
[0.08612680118070178, 0.08791793869289298, 0.10967387523426926, 0.12600056151592678, 0.1422871240785753, 0.16439839834929443, 0.21890264468966053, 0.27168598285255335, 0.2926465128000321, 0.3199475855665999, 0.3547081126365811, 0.4034465006785467, 0.45442168083779205];en-hi
[0.08563361045286323, 0.0865306836314024, 0.10698962219321402, 0.1281784145975204, 0.1442155029246351, 0.16484204355389617, 0.21809499226607537, 0.265985650760922, 0.2891872286590418, 0.31399172140615217, 0.3513874007122164, 0.39909721513298185, 0.4498903261963278];en-hi
[0.08897922549467693, 0.08827792001514657, 0.10905495826994714, 0.1221634179795122, 0.14160834949968074, 0.16169247842972254, 0.21423842275398783, 0.2665620529539107, 0.29402333503712724, 0.3284398442405897, 0.3666568064971822, 0.419856486300705, 0.47328995960609366];en-hi
[0.08526409452509445, 0.0857484354666667, 0.10233509399428536, 0.11533352820357928, 0.13068714735824566, 0.15231835432108104, 0.21337571378862777, 0.2658750487697034, 0.29222410958682304, 0.3264803501854961, 0.36435449436539785, 0.41312128797677966, 0.4633383769056915];en-hi
[0.08320788567167862, 0.08616552051474476, 0.1086194871504631, 0.12419904786511324, 0.13858294052248918, 0.15740741210114115, 0.21411086359948966, 0.2688354673121163, 0.2873359048086665, 0.3184848604777168, 0.3597204444629218, 0.4099336998381962, 0.46623495291084205];en-hi
[0.08537184841134149, 0.08597404981225433, 0.10257256546853265, 0.11925024490507591, 0.13633204069919885, 0.15412137303495305, 0.20492228583073788, 0.26049261594847245, 0.27769547715057946, 0.30133214898523875, 0.3397721992218673, 0.389734744457625, 0.44774192428449167];en-hi
[0.08113935930086882, 0.08659383766171232, 0.10297382063478532, 0.1193900207610568, 0.13581297269605178, 0.1526105771306902, 0.20559058071036512, 0.24934491286791552, 0.27656929148815834, 0.30475505837697103, 0.34347795967478306, 0.3957223673302603, 0.4568410113376255];en-hi
[0.0877924970331757, 0.09212569017060256, 0.11327027580828145, 0.12762175209572887, 0.14584949763666372, 0.16830463347074934, 0.22343878124192998, 0.2753493107402846, 0.3189243537844353, 0.35208166667143814, 0.3921983567493347, 0.439007256362432, 0.5022449179683462];en-ar
[0.0932407956160508, 0.09454009921416097, 0.11388638516121621, 0.1286065938710332, 0.148801599140279, 0.1678628243633284, 0.2215468505290725, 0.28030517960723955, 0.32189667371470326, 0.3593676764479217, 0.4018868601056359, 0.44877107920644144, 0.5104829225553354];en-ar
[0.08965904492773309, 0.09040692949808242, 0.1099999232623304, 0.12306252183965019, 0.14037406118137977, 0.15854680450380934, 0.21425286699425972, 0.2722189154737862, 0.316341117705133, 0.3522698178441109, 0.3954998388008789, 0.43911225950966276, 0.4924510526296217];en-ar
[0.09435462057244877, 0.09386822880587715, 0.11284793482876315, 0.12649267129994163, 0.14330740008396484, 0.16842487987790566, 0.23278504384458454, 0.2906840457353004, 0.3239090846248776, 0.3539045812414164, 0.3952974043860252, 0.44291951858322137, 0.5052564076458415];en-ar
[0.0860786780535515, 0.0905456677263525, 0.10994540907995543, 0.12528897833180963, 0.13921209182347713, 0.1597041338958661, 0.21556798779201927, 0.2699576705254458, 0.305113034565026, 0.3403110941319028, 0.38137880183979483, 0.43288088532475133, 0.4967283723235596];en-ar
[0.09451155834055196, 0.09685436409005585, 0.11706951578792844, 0.1322998400693905, 0.14972589472478529, 0.1675024015411812, 0.22257136398984584, 0.2795180460276849, 0.3225766772472222, 0.3602966486883512, 0.4019249345224428, 0.44745525198911007, 0.5066349067570021];en-ar
[0.08748648478212999, 0.08891331048883634, 0.10819647198077291, 0.12461663046730488, 0.14458180074046442, 0.16300617265321005, 0.21802837013092358, 0.2787470437804586, 0.32424964767318065, 0.36386369395889534, 0.407495396345621, 0.45259648086047644, 0.5101237609361609];en-ar
[0.08948939264810178, 0.09359418164547909, 0.11424005528291066, 0.13058662156217907, 0.14672207018514502, 0.16660592558594847, 0.2250319491577102, 0.281374066095547, 0.3245658518455457, 0.35942458254527687, 0.4009508873898691, 0.45314648712519556, 0.5189836800874521];en-ar
[0.08703219614835689, 0.08940488392978523, 0.11057410041612456, 0.12198607321491485, 0.13429867087931294, 0.15191032497956863, 0.2062761029797078, 0.2651728964580495, 0.30314954431693575, 0.3386865895978796, 0.3805140131061004, 0.4257248673820868, 0.4805646730858522];en-ar
[0.0979568595677847, 0.09363084665589365, 0.11201785455729502, 0.12726694882894662, 0.14385125785556738, 0.165336384519469, 0.22208900640374243, 0.283530180855693, 0.3238704125486644, 0.3590733800510255, 0.40247007250885264, 0.45172128091022995, 0.5097525207325816];en-ar
